FN,EAR_L,EAR_R,EAR,EAR_Diff,NewEAR,MAR,MOEAR
1,0.5337915884559861,0.5834500307201674,0.5586208095880767,0.04965844226418137,0.5586208095880767,5.949488278977939,10.650316237529806
2,0.580926177550997,0.5677790497671024,0.5743526136590497,0.013147127783894597,0.5743526136590497,6.744490727491505,11.742770150420533
3,0.5765504644735453,0.5609923083673068,0.568771386420426,0.015558156106238452,0.568771386420426,5.8365659509436485,10.261708113827934
4,0.5917655918899857,0.5729711943856683,0.582368393137827,0.01879439750431733,0.582368393137827,5.470401315438426,9.393369179882272
5,0.5790777750954265,0.5621612371849918,0.5706195061402091,0.01691653791043468,0.5706195061402091,5.854360190280865,10.259656614056176
6,0.5986919738040405,0.5764098718151436,0.5875509228095921,0.022282101988896907,0.5875509228095921,5.667815033367905,9.64650860603733
7,0.594617354505826,0.5775041977535561,0.586060776129691,0.017113156752269876,0.586060776129691,5.068627321229368,8.64863769710416
8,0.5888409983100559,0.5611507344155369,0.5749958663627963,0.027690263894519007,0.5749958663627963,5.679276002997357,9.877072749969981
9,0.5626483119747486,0.5126955404589204,0.5376719262168346,0.04995277151582822,0.5376719262168346,4.945928191933155,9.19878452039272
10,0.5618677475180899,0.5230695918660737,0.5424686696920817,0.038798155652016164,0.5424686696920817,5.07675271551804,9.358609997513271
11,0.5615863052641226,0.5256626827679381,0.5436244940160304,0.035923622496184415,0.5436244940160304,5.282148636410325,9.716539071645592
12,0.5489427906822115,0.5020878377949668,0.5255153142385891,0.04685495288724473,0.5255153142385891,5.336555460517771,10.15489999230531
13,0.5334052856960928,0.5005817090738449,0.5169934973849688,0.032823576622247885,0.5169934973849688,5.272222422265168,10.197850551182684
14,0.5549271290873327,0.49687064331464786,0.5258988862009902,0.058056485772684796,0.5258988862009902,6.317976564841667,12.013671697389821
15,0.5438482670731566,0.5189635806689071,0.5314059238710318,0.024884686404249456,0.5314059238710318,5.350150571350885,10.067916692342568
16,0.5496422148139817,0.53404380998538,0.5418430123996809,0.015598404828601642,0.5418430123996809,5.695278704418084,10.510938729642715
17,0.5458344597503878,0.5298027672819507,0.5378186135161693,0.016031692468437053,0.5378186135161693,5.8521346959459395,10.881242390786085
18,0.551190322767949,0.49500205141441417,0.5230961870911816,0.056188271353534824,0.5230961870911816,4.742916928316314,9.067007264362969
19,0.5308628864793928,0.4874783145133808,0.5091706004963868,0.04338457196601203,0.5091706004963868,4.483232234689702,8.804970731458237
20,0.5352749748774865,0.4531291916020488,0.49420208323976766,0.08214578327543776,0.49420208323976766,4.981535403604007,10.079956302384018
21,0.5490757779909257,0.44003253686552196,0.49455415742822384,0.1090432411254037,0.49455415742822384,4.354233551954501,8.804361436566113
22,0.5986026682656769,0.42324539980303577,0.5109240340343564,0.1753572684626411,0.5109240340343564,4.072980845190468,7.971793405429399
23,0.5823513529802038,0.43549337932356547,0.5089223661518847,0.14685797365663833,0.5089223661518847,4.038579752100854,7.935551708284649
24,0.6114857060916334,0.4236175640609081,0.5175516350762708,0.18786814203072533,0.5175516350762708,4.655501927484099,8.99524146377786
25,0.5953280417724253,0.424077490336286,0.5097027660543556,0.17125055143613926,0.5097027660543556,4.580019824669572,8.985667980819139
26,0.6125728951347953,0.44392134167348946,0.5282471184041424,0.16865155346130584,0.5282471184041424,4.42153702895215,8.370205676293713
27,0.6214397269718492,0.4353833431785124,0.5284115350751808,0.18605638379333683,0.5284115350751808,4.6813007268029585,8.859194805686665
28,0.6093073546231963,0.43941403055192363,0.5243606925875599,0.16989332407127267,0.5243606925875599,5.698502620042812,10.867524397991088
29,0.5773166856473418,0.3972628036882607,0.4872897446678013,0.18005388195908112,0.4872897446678013,5.714242023240317,11.726579690561458
30,0.5675717657131911,0.4440988595310296,0.5058353126221103,0.1234729061821615,0.5058353126221103,6.438644426633965,12.72873653928551
31,0.5464344293494268,0.533723529568244,0.5400789794588354,0.012710899781182783,0.5400789794588354,4.308978609298246,7.978423106960923
32,0.5311957886677805,0.543626008671939,0.5374108986698598,0.012430220004158499,0.5374108986698598,4.4518707965142985,8.28392354441095
33,0.512830430072406,0.5663266367277179,0.539578533400062,0.05349620665531185,0.539578533400062,4.2880095707237595,7.946961017339959
34,0.5116012395389097,0.5608952194029808,0.5362482294709452,0.049293979864071136,0.5362482294709452,4.540536205166097,8.467228338722395
35,0.5039506869093466,0.5546114816524356,0.529281084280891,0.05066079474308893,0.529281084280891,4.500408474291972,8.502870417911236
36,0.5306835251246842,0.5578687676969907,0.5442761464108374,0.02718524257230648,0.5442761464108374,4.111269939198851,7.553647107833254
37,0.504509363745655,0.5669290407462819,0.5357192022459685,0.062419677000626894,0.5357192022459685,4.7673009661481265,8.898880133774414
38,0.48735433487455976,0.574223408133408,0.5307888715039839,0.08686907325884824,0.5307888715039839,4.815064179150415,9.071524362421142
39,0.48398333377924996,0.5079163146272118,0.49594982420323086,0.023932980847961804,0.49594982420323086,4.828003356060269,9.734862521257483
40,0.4983330380557113,0.5112608129379926,0.504796925496852,0.012927774882281362,0.504796925496852,5.5710886840792115,11.036296781316182
41,0.5032450230636,0.5279627006140901,0.515603861838845,0.024717677550490147,0.515603861838845,5.253947626179871,10.189891920984143
42,0.49631080585244725,0.5279851027545908,0.512147954303519,0.03167429690214352,0.512147954303519,5.440681896064313,10.623261989717822
43,0.45599711342902904,0.5087969106847499,0.48239701205688945,0.052799797255720815,0.48239701205688945,5.0249130890086935,10.416551022119727
44,0.4846024163506844,0.5230589437681147,0.5038306800593996,0.038456527417430275,0.5038306800593996,4.62020460518863,9.170153363117798
45,0.5007178744904591,0.4985452042016529,0.499631539346056,0.0021726702888062444,0.499631539346056,4.456962838251666,8.920499382575354
46,0.5011618420527252,0.5169433308148214,0.5090525864337733,0.015781488762096174,0.5090525864337733,4.744617826506059,9.320486631342014
47,0.48713502363782435,0.4855660033740155,0.48635051350591996,0.0015690202638088402,0.48635051350591996,5.290441073407788,10.877835895085143
48,0.4940413676922684,0.4793269692544433,0.4866841684733558,0.014714398437825127,0.4866841684733558,5.106800803170547,10.493048950389529
49,0.5038412911878974,0.4827379285972292,0.4932896098925633,0.02110336259066825,0.4932896098925633,4.8924722009545745,9.918052403374434
50,0.4882337936446668,0.5127530062562508,0.5004933999504588,0.024519212611583963,0.5004933999504588,5.159555257167405,10.30893765567762
51,0.49988888195428244,0.5273634703272038,0.5136261761407431,0.027474588372921327,0.5136261761407431,5.033014658166204,9.79898395362752
52,0.5084588965504276,0.5057254995902666,0.5070921980703471,0.002733396960161061,0.5070921980703471,5.11609671400266,10.089085837784715
53,0.4944449512218806,0.5029980712044079,0.49872151121314423,0.00855311998252728,0.49872151121314423,5.083039456531253,10.19213998643595
54,0.5041224996311642,0.4768611626779877,0.49049183115457595,0.02726133695317645,0.49049183115457595,4.237740690227892,8.639778322612656
55,0.5132731571665216,0.5379838439861357,0.5256285005763286,0.02471068681961419,0.5256285005763286,4.30334318213692,8.1870430873107
56,0.4978035421005959,0.5256686917480544,0.5117361169243252,0.02786514964745851,0.5117361169243252,4.069538485551736,7.952416003018864
57,0.4854853040909985,0.5301312881882417,0.5078082961396201,0.04464598409724324,0.5078082961396201,4.230596823792166,8.331090405480454
58,0.46875679422229716,0.547873949479494,0.5083153718508956,0.07911715525719681,0.5083153718508956,4.08780817988661,8.041874014161605
59,0.4613470892754491,0.5654859598446399,0.5134165245600445,0.1041388705691908,0.5134165245600445,4.111361716470678,8.007848442341771
60,0.4962781068858321,0.5405574311861584,0.5184177690359952,0.04427932430032627,0.5184177690359952,4.260143964263312,8.217588629697447
61,0.5455254087389266,0.5417488356408906,0.5436371221899086,0.003776573098036029,0.5436371221899086,4.501223373501827,8.279830772721619
62,0.5594215191632042,0.5445287618896794,0.5519751405264417,0.014892757273524793,0.5519751405264417,4.522914303844637,8.194054354569202
63,0.5632444628185553,0.5494857607193454,0.5563651117689503,0.01375870209920993,0.5563651117689503,4.421391378692182,7.946924214270855
64,0.5420857909896546,0.5504760599553019,0.5462809254724783,0.008390268965647318,0.5462809254724783,4.421635322071047,8.094068666678734
65,0.5398865386700217,0.5378694203632475,0.5388779795166345,0.0020171183067742016,0.5388779795166345,4.017857527907358,7.455969033121963
66,0.53452662526839,0.5460995840972553,0.5403131046828227,0.011572958828865332,0.5403131046828227,4.121174141218237,7.62738143032357
67,0.5490059630435234,0.534738975996106,0.5418724695198147,0.014266987047417468,0.5418724695198147,4.173405442372481,7.701822249930473
68,0.5130058874761548,0.5282372320363755,0.5206215597562651,0.015231344560220683,0.5206215597562651,4.180500153770522,8.029825264492832
69,0.5317479244661101,0.5095923045141114,0.5206701144901107,0.022155619951998662,0.5206701144901107,4.228979244706108,8.122185481775775
70,0.5436146918580009,0.47792201591524675,0.5107683538866239,0.06569267594275419,0.5107683538866239,4.375335640317285,8.566183881643704
71,0.568003069902285,0.49049036492444126,0.5292467174133632,0.07751270497784374,0.5292467174133632,4.296557876920804,8.118251347726392
72,0.5463367416238487,0.4891133498271721,0.5177250457255104,0.057223391796676626,0.5177250457255104,4.39919701463478,8.497168624457787
73,0.5465174766308156,0.5393067254660665,0.542912101048441,0.0072107511647491185,0.542912101048441,4.531304738854697,8.346295339713553
74,0.5493595850484659,0.49376265388647567,0.5215611194674707,0.05559693116199027,0.5215611194674707,4.584345664190182,8.789661447292954
75,0.5371763710977405,0.530125431428314,0.5336509012630273,0.0070509396694264925,0.5336509012630273,4.301850861965739,8.06117042393119
76,0.5387167976974592,0.47507813825812323,0.5068974679777912,0.06363865943933594,0.5068974679777912,3.9655926112158957,7.823263799356048
77,0.5410506032680574,0.5040497616575064,0.5225501824627818,0.03700084161055106,0.5225501824627818,4.244448505097898,8.122566305677646
78,0.5454517574119988,0.5380717210956915,0.5417617392538452,0.007380036316307348,0.5417617392538452,4.026278723930417,7.431825528092312
79,0.5487754394669977,0.4878455862349134,0.5183105128509555,0.060929853232084275,0.5183105128509555,4.245164009088818,8.190387622543843
80,0.5490063798414019,0.4711434629083569,0.5100749213748794,0.07786291693304498,0.5100749213748794,4.066327060899374,7.972019188747427
81,0.6059690078780732,0.5205500936975532,0.5632595507878132,0.08541891418051994,0.5632595507878132,4.122958562699322,7.319820066846042
82,0.5894153629618409,0.5028820343237315,0.5461486986427861,0.08653332863810947,0.5461486986427861,4.224365688894806,7.73482697915901
83,0.5736649867132655,0.5224661282340209,0.5480655574736433,0.05119885847924455,0.5480655574736433,4.086843384594873,7.456851336240759
84,0.5777598487727708,0.5471238190908644,0.5624418339318176,0.030636029681906374,0.5624418339318176,3.8744511576065146,6.888625496652153
85,0.5664782719835846,0.5278065616704773,0.5471424168270309,0.03867171031310723,0.5471424168270309,3.8087168465082883,6.961106888030479
86,0.5908611969056,0.5501894394694133,0.5705253181875067,0.04067175743618667,0.5705253181875067,4.072765470867613,7.138623547516383
87,0.5772402098921843,0.5528594570819337,0.5650498334870591,0.02438075281025054,0.5650498334870591,3.8912964207381378,6.886642894351472
88,0.5818493899854078,0.5382970037575964,0.560073196871502,0.043552386227811435,0.560073196871502,3.8242594092227518,6.828142161747037
89,0.5607325242738171,0.5291476066183212,0.5449400654460692,0.03158491765549598,0.5449400654460692,3.870243812886271,7.102145829043094
90,0.567209136538594,0.5358475491912451,0.5515283428649196,0.03136158734734884,0.5515283428649196,3.854727868365152,6.989174569600047
91,0.5098306455548195,0.603547712028167,0.5566891787914933,0.09371706647334754,0.5566891787914933,4.063458207345607,7.299330330377352
92,0.5018390247622263,0.6090145163680795,0.5554267705651529,0.10717549160585316,0.5554267705651529,4.286143768458929,7.71684764869675
93,0.5398031987691053,0.5594510414467037,0.5496271201079045,0.019647842677598337,0.5496271201079045,4.461920720817098,8.118086894877239
94,0.5425175939042851,0.5576477903484217,0.5500826921263534,0.015130196444136601,0.5500826921263534,3.9757127598593853,7.227482007280041
95,0.557642047018185,0.5551145221690305,0.5563782845936077,0.0025275248491545277,0.5563782845936077,4.085449181325585,7.342934284916776
96,0.5538399079681494,0.5475275414349317,0.5506837247015406,0.006312366533217761,0.5506837247015406,4.1120264785723455,7.467129123529083
97,0.5362011568526327,0.5315482807701802,0.5338747188114065,0.004652876082452462,0.5338747188114065,3.936019722718932,7.372553117858627
98,0.5266724796769406,0.5240789420669248,0.5253757108719328,0.0025935376100157947,0.5253757108719328,4.260057548415984,8.108592499158053
99,0.5368483365252837,0.5283624836499657,0.5326054100876247,0.008485852875318,0.5326054100876247,4.3530884700655275,8.173196117833939
100,0.5363823014135857,0.5423671050155268,0.5393747032145562,0.005984803601941091,0.5393747032145562,4.352446510384,8.069430183589189
101,0.5260341919538168,0.5398988245551943,0.5329665082545056,0.013864632601377491,0.5329665082545056,4.3318094628904635,8.127732973460894
102,0.5208183693030658,0.49679907167550763,0.5088087204892867,0.024019297627558167,0.5088087204892867,4.291697463116656,8.43479541582861
103,0.5141283721108737,0.5487896775869476,0.5314590248489106,0.034661305476073934,0.5314590248489106,4.252944313690664,8.002393627429209
104,0.519635034591176,0.5351871321320302,0.527411083361603,0.015552097540854182,0.527411083361603,3.911486793422561,7.416390964883784
105,0.5190041625958883,0.5028625213326592,0.5109333419642738,0.016141641263229145,0.5109333419642738,4.3397521057323365,8.493773549888601
106,0.5526076053037566,0.4921408475489752,0.5223742264263659,0.06046675775478144,0.5223742264263659,4.321030692235985,8.271906372174508
107,0.5123735689061858,0.5330098388906747,0.5226917038984302,0.020636269984488864,0.5226917038984302,4.242348687292417,8.116349763448309
108,0.558444628312935,0.5161520697984738,0.5372983490557044,0.04229255851446112,0.5372983490557044,4.531335462769891,8.433555529685995
109,0.5347315263927815,0.48542751848236343,0.5100795224375725,0.04930400791041811,0.5100795224375725,4.3462923196068415,8.520813183867373
110,0.5384951406954089,0.5156513236442964,0.5270732321698527,0.02284381705111249,0.5270732321698527,4.666343124121467,8.853310772226257
111,0.5441450701082504,0.5395046352628179,0.5418248526855342,0.004640434845432528,0.5418248526855342,4.848263920624896,8.948027940384538
112,0.5380892529441186,0.5135961126850095,0.525842682814564,0.024493140259109092,0.525842682814564,4.387355735665079,8.34347587035315
113,0.5300698620327687,0.5253393739979393,0.527704618015354,0.00473048803482945,0.527704618015354,4.241340214963503,8.037337688866119
114,0.5180432342554374,0.5293147252076581,0.5236789797315478,0.011271490952220686,0.5236789797315478,3.9256396886203992,7.49627126647854
115,0.5367799744026837,0.5220637440609655,0.5294218592318245,0.014716230341718206,0.5294218592318245,4.214343139844301,7.960274148784088
116,0.529568491495828,0.530070034230127,0.5298192628629774,0.000501542734299032,0.5298192628629774,4.338080529650623,8.187849770144243
117,0.49509902303596476,0.5379544773598381,0.5165267501979014,0.04285545432387339,0.5165267501979014,4.505521831971465,8.722727003480895
118,0.525272169730981,0.5126770125671495,0.5189745911490653,0.012595157163831527,0.5189745911490653,4.423749781076252,8.524019974237266
119,0.5098592206549594,0.5399096392930132,0.5248844299739863,0.0300504186380538,0.5248844299739863,4.536111753739292,8.642115282337686
120,0.5097453425229362,0.5191778437383138,0.514461593130625,0.009432501215377531,0.514461593130625,4.4765068032938125,8.701343041087227
121,0.5346629457248964,0.5028305908844476,0.518746768304672,0.03183235484044877,0.518746768304672,4.877879503982703,9.403199792307547
122,0.5696237017774792,0.559029918897356,0.5643268103374176,0.010593782880123248,0.5643268103374176,4.811763822880298,8.526555419196349
123,0.5480290556818596,0.5716743112089454,0.5598516834454025,0.02364525552708585,0.5598516834454025,4.152298043668893,7.416782277254385
124,0.580521420708739,0.5156631623561847,0.5480922915324619,0.06485825835255432,0.5480922915324619,4.15027242571433,7.5722145518781145
125,0.6102919842888682,0.5173221137629989,0.5638070490259335,0.09296987052586936,0.5638070490259335,4.224787105211789,7.493320831143884
126,0.5721021322558658,0.5180116578440426,0.5450568950499541,0.05409047441182324,0.5450568950499541,4.225232870748463,7.751911606147506
127,0.5802992538713565,0.5049146950401054,0.5426069744557309,0.07538455883125106,0.5426069744557309,4.058552183301398,7.479727269212457
128,0.5786270790457515,0.5229734339368015,0.5508002564912765,0.05565364510894999,0.5508002564912765,4.043697112392566,7.341494606687079
129,0.5684013590784589,0.5536282365349849,0.5610147978067219,0.01477312254347396,0.5610147978067219,4.353333258208094,7.759747648773933
130,0.5812811005713947,0.5284319988926467,0.5548565497320207,0.05284910167874801,0.5548565497320207,4.159198859146837,7.495989479002469
131,0.5767478324178313,0.5104272251783244,0.5435875287980778,0.06632060723950695,0.5435875287980778,4.4766903171735155,8.235454420876598
132,0.557233459956803,0.5288140504236066,0.5430237551902048,0.028419409533196327,0.5430237551902048,4.542233003375576,8.364704048323942
133,0.5663341146221549,0.5176724825102164,0.5420032985661856,0.048661632111938524,0.5420032985661856,4.635935155823353,8.55333384148629
134,0.5457994416401283,0.5275363775715511,0.5366679096058398,0.01826306406857714,0.5366679096058398,4.5050200563630325,8.394427868198385
135,0.5465154913496924,0.5322431425191321,0.5393793169344122,0.014272348830560277,0.5393793169344122,4.502485098246213,8.34753012747374
136,0.5293292925688492,0.5138746388727979,0.5216019657208235,0.015454653696051257,0.5216019657208235,4.617023112436567,8.851621381556932
137,0.5166975141119601,0.5624709833919929,0.5395842487519764,0.045773469280032786,0.5395842487519764,4.309748121189469,7.987164434761835
138,0.535562732536816,0.4949133481852277,0.5152380403610218,0.04064938435158827,0.5152380403610218,4.4652133922935695,8.666311573510454
139,0.5577638755076751,0.5607239295949739,0.5592439025513245,0.0029600540872987136,0.5592439025513245,4.671491719428986,8.353227810115035
140,0.52447011284388,0.5667369121033824,0.5456035124736311,0.042266799259502386,0.5456035124736311,4.42254543489847,8.105786223493585
141,0.566491935640195,0.5402277621263242,0.5533598488832596,0.02626417351387078,0.5533598488832596,4.604173571803444,8.32039690103134
142,0.5551636524729768,0.5508867578754306,0.5530252051742037,0.00427689459754621,0.5530252051742037,4.283650292584372,7.745850012812736
143,0.5301466745898826,0.5582760206196365,0.5442113476047596,0.02812934602975392,0.5442113476047596,4.332467394263267,7.961001572884834
144,0.5598866051397126,0.5013815785108195,0.5306340918252661,0.05850502662889301,0.5306340918252661,4.640369640382485,8.74495195817634
145,0.551718279065101,0.5044770361904,0.5280976576277505,0.047241242874700995,0.5280976576277505,4.291693748540191,8.126704761045072
146,0.5509275450252565,0.5335208365180003,0.5422241907716284,0.01740670850725623,0.5422241907716284,4.4102875122054614,8.133697439668396
147,0.5390535490233185,0.5131700030620481,0.5261117760426832,0.025883545961270404,0.5261117760426832,4.677108646081578,8.889952399967049
148,0.5511260952816992,0.5151042118013459,0.5331151535415226,0.03602188348035329,0.5331151535415226,4.704656028017484,8.824840180895466
149,0.547694311232333,0.5411144558759236,0.5444043835541283,0.006579855356409481,0.5444043835541283,4.800732561080576,8.818320913838223
150,0.5188742699965269,0.545331251005257,0.5321027605008919,0.026456981008730174,0.5321027605008919,4.64128257765591,8.722530537685738
151,0.5163530479359703,0.5247118680019875,0.520532457968979,0.008358820066017292,0.520532457968979,4.878921926853538,9.372944668792002
152,0.5453525873211816,0.5395783352138901,0.5424654612675359,0.005774252107291544,0.5424654612675359,4.714568089869709,8.691001412059585
153,0.5314937415021328,0.5296062921117183,0.5305500168069255,0.0018874493904145195,0.5305500168069255,4.435084463250851,8.359408769682199
154,0.5189263883876172,0.5081732414817277,0.5135498149346724,0.010753146905889466,0.5135498149346724,4.637127956683443,9.029558227517466
155,0.5544522418899779,0.5168467847115413,0.5356495133007596,0.03760545717843655,0.5356495133007596,4.57912717567771,8.548737676359272
156,0.5351772008144754,0.5728205334018935,0.5539988671081845,0.037643332587418143,0.5539988671081845,5.230656484437085,9.44163751045297
157,0.5574018332115837,0.5383911286024043,0.5478964809069939,0.019010704609179307,0.5478964809069939,5.299937324136889,9.673245784246165
158,0.5675071002716665,0.562929079682101,0.5652180899768837,0.004578020589565468,0.5652180899768837,5.3803065684515206,9.51899216224938
159,0.5520247965296231,0.5164014839513773,0.5342131402405002,0.0356233125782458,0.5342131402405002,5.665970555194134,10.606198403587268
160,0.5712863813357921,0.5688115868183887,0.5700489840770904,0.0024747945174034003,0.5700489840770904,5.310518271008283,9.315898140939616
161,0.566367304604731,0.5311306504156643,0.5487489775101977,0.03523665418906663,0.5487489775101977,5.3764743879655805,9.79769367837349
162,0.5714701076833306,0.5603179809814797,0.5658940443324052,0.01115212670185095,0.5658940443324052,5.50215302196343,9.72293855549304
163,0.5977807608502449,0.5332970277159365,0.5655388942830907,0.06448373313430844,0.5655388942830907,4.9802587742970745,8.806217971286191
164,0.59729766119802,0.5462951766652315,0.5717964189316258,0.05100248453278844,0.5717964189316258,5.117469822053776,8.94981089880822
165,0.5986873956262551,0.5591992064761498,0.5789433010512024,0.03948818915010521,0.5789433010512024,5.105315690183142,8.818334508600907
166,0.5615689373764028,0.5063918203048032,0.533980378840603,0.05517711707159956,0.533980378840603,5.239143125954046,9.811489960229359
167,0.5756178293427764,0.5276195371421823,0.5516186832424794,0.04799829220059404,0.5516186832424794,4.99111992672535,9.048134297023735
168,0.5609715095414806,0.5083626105738476,0.5346670600576641,0.05260889896763299,0.5346670600576641,4.889943467421464,9.145772823360543
169,0.5673117320495674,0.5146097625300382,0.5409607472898028,0.05270196951952921,0.5409607472898028,5.235310638074458,9.677801327181701
170,0.549146466979882,0.4686141782858976,0.5088803226328897,0.08053228869398443,0.5088803226328897,4.395729054678876,8.638040928633016
171,0.5545435497124018,0.5184174820170669,0.5364805158647343,0.036126067695334885,0.5364805158647343,5.151002852902855,9.601472375189866
172,0.5458421208091006,0.5203831195822868,0.5331126201956937,0.02545900122681377,0.5331126201956937,5.145707682978099,9.652196342846329
173,0.5452318354666806,0.49774424418084606,0.5214880398237633,0.047487591285834574,0.5214880398237633,5.4080793252699255,10.370476237762967
174,0.548215318913045,0.5469943220496177,0.5476048204813313,0.0012209968634272483,0.5476048204813313,5.679918996326907,10.372295465431433
175,0.5742057167190974,0.49819988592627795,0.5362028013226876,0.07600583079281942,0.5362028013226876,5.320645923948145,9.922823809990081
176,0.5624227552177179,0.4794121576945784,0.5209174564561482,0.0830105975231395,0.5209174564561482,5.002332014626886,9.602926438016178
177,0.5557257334431259,0.529620249914448,0.5426729916787869,0.02610548352867792,0.5426729916787869,4.991249183777048,9.197526429934095
178,0.5241532156909459,0.5164940105879958,0.5203236131394708,0.00765920510295004,0.5203236131394708,4.537203970651164,8.719965529288755
179,0.522602172298107,0.4986562871240229,0.510629229711065,0.023945885174084136,0.510629229711065,4.521893397983703,8.855531831858464
180,0.5205655994585244,0.4941139997013196,0.507339799579922,0.026451599757204847,0.507339799579922,4.268697222249204,8.41388202893542
181,0.5608301331436992,0.4656298824823594,0.5132300078130293,0.0952002506613398,0.5132300078130293,4.217136060255539,8.216854034364745
182,0.5596010538436023,0.4665136996086664,0.5130573767261344,0.09308735423493586,0.5130573767261344,4.158681409177104,8.105684856758181
183,0.5867292297678735,0.4803290255483543,0.5335291276581139,0.10640020421951912,0.5335291276581139,4.261365785275533,7.987128657774466
184,0.5490704667341543,0.49881443829109734,0.5239424525126258,0.05025602844305693,0.5239424525126258,4.069702750396679,7.767461351680811
185,0.5255028605867303,0.5242288453625208,0.5248658529746255,0.001274015224209557,0.5248658529746255,4.112639153330227,7.83560052539568
186,0.53507936689154,0.48966531311438594,0.512372340002963,0.04541405377715407,0.512372340002963,4.520914440823732,8.823494337726327
187,0.5243246616220897,0.5286192108789313,0.5264719362505105,0.004294549256841584,0.5264719362505105,4.582275855370699,8.703741908838081
188,0.5332857836127227,0.4495338628046954,0.4914098232087091,0.08375192080802729,0.4914098232087091,4.4201402539974755,8.99481460328923
189,0.5608569603472368,0.4955906244513176,0.5282237923992772,0.06526633589591918,0.5282237923992772,4.3112586669526705,8.161803252690005
190,0.5594401428888877,0.482242563893127,0.5208413533910073,0.07719757899576069,0.5208413533910073,4.742190079913534,9.104864752076368
191,0.571664364029219,0.44405922955938315,0.5078617967943011,0.1276051344698359,0.5078617967943011,4.828836313882713,9.508170026497451
192,0.5571511430416017,0.45734654147296083,0.5072488422572813,0.0998046015686409,0.5072488422572813,4.647458239081951,9.162087425178818
193,0.5491250869197241,0.4638743497660003,0.5064997183428621,0.08525073715372378,0.5064997183428621,4.877867715892464,9.630543787569325
194,0.5324775529867476,0.4761585619852036,0.5043180574859756,0.05631899100154397,0.5043180574859756,4.649062997157488,9.21851384884582
195,0.5241945328147658,0.4438163189159682,0.484005425865367,0.08037821389879762,0.484005425865367,4.713969033973244,9.739496257805387
196,0.5095023205233451,0.4502999419088199,0.47990113121608247,0.05920237861452521,0.47990113121608247,4.438467927955631,9.248713202047332
197,0.5182872641213483,0.48369691892985334,0.5009920915256008,0.03459034519149495,0.5009920915256008,4.799692492419491,9.580375765620696
198,0.523421472770362,0.47254164560191436,0.4979815591861382,0.05087982716844763,0.4979815591861382,4.5626663472138835,9.162319895280351
199,0.5324926877691547,0.49424575715188845,0.5133692224605215,0.03824693061726625,0.5133692224605215,4.680754817212863,9.11771608507913
200,0.5357441516730572,0.4603499951548774,0.4980470734139673,0.07539415651817982,0.4980470734139673,4.834971596900103,9.70786067220069
201,0.5198031951810457,0.443398118257632,0.4816006567193388,0.0764050769234137,0.4816006567193388,4.458195743836792,9.257038340034663
202,0.49793879420512127,0.4566514535256245,0.4772951238653729,0.0412873406794968,0.4772951238653729,4.085154093573409,8.558968841939558
203,0.504323222188789,0.45314421282097733,0.47873371750488314,0.05117900936781167,0.47873371750488314,4.337541874127449,9.060447834621563
204,0.5262281662988127,0.45901870657270366,0.49262343643575823,0.06720945972610909,0.49262343643575823,4.011460375469421,8.14305629568346
205,0.5457359301457257,0.4459851780279065,0.4958605540868161,0.09975075211781925,0.4958605540868161,3.923287265512597,7.912077766979829
206,0.5491898168930965,0.4907074081128147,0.5199486125029557,0.058482408780281825,0.5199486125029557,4.470591437538581,8.598140912460206
207,0.5356217173782569,0.4984885509888562,0.5170551341835565,0.03713316638940073,0.5170551341835565,4.885545791936821,9.448790794140791
208,0.5400064927809616,0.5081856550114277,0.5240960738961946,0.03182083776953393,0.5240960738961946,4.687731372433018,8.944412305140634
209,0.5729321005300599,0.5070564397312981,0.539994270130679,0.06587566079876184,0.539994270130679,4.231797840795478,7.836745822823971
210,0.5651761674958616,0.49935708936109147,0.5322666284284765,0.06581907813477017,0.5322666284284765,4.380248586496196,8.22942554078382
211,0.5358942065130534,0.4968130040304031,0.5163536052717282,0.03908120248265029,0.5163536052717282,3.9981237726285674,7.742995752928997
212,0.5299721081135976,0.5150435720668411,0.5225078400902194,0.01492853604675648,0.5225078400902194,4.203295871490523,8.044464693132175
213,0.5338913024489186,0.49234345004807895,0.5131173762484987,0.041547852400839635,0.5131173762484987,4.28408341157515,8.349129477736497
214,0.5225688853873223,0.48491537964231934,0.5037421325148208,0.037653505745002924,0.5037421325148208,4.040700247426725,8.021366462349349
215,0.5117478405090299,0.484864130258169,0.49830598538359944,0.026883710250860893,0.49830598538359944,4.032595301054197,8.092608596603304
216,0.5488828121517073,0.5370272778035309,0.542955044977619,0.011855534348176433,0.542955044977619,3.9207324275924447,7.221099543801199
217,0.5309487003884763,0.46085934165706877,0.49590402102277253,0.07008935873140754,0.49590402102277253,3.955630076953738,7.9766041598039195
218,0.5420052648370326,0.5095035891773082,0.5257544270071703,0.032501675659724394,0.5257544270071703,4.0509463290188865,7.70501610814518
219,0.5361409626852838,0.5153551243692637,0.5257480435272737,0.0207858383160201,0.5257480435272737,4.018428348056396,7.643258776764115
220,0.5113322769110418,0.5255138495663935,0.5184230632387177,0.014181572655351693,0.5184230632387177,4.0248353556954415,7.763611693027881
221,0.5259780264106475,0.5109201626302233,0.5184490945204354,0.015057863780424174,0.5184490945204354,4.17489065628724,8.052652999903506
222,0.5178402069426965,0.5473222414316937,0.5325812241871951,0.029482034488997222,0.5325812241871951,4.234606322472482,7.9510995321608915
223,0.5131194454212179,0.5345154253653794,0.5238174353932987,0.021395979944161536,0.5238174353932987,3.953743662123782,7.5479420786274245
224,0.54285372008604,0.5497665519193562,0.5463101360026981,0.0069128318333161465,0.5463101360026981,4.106062627964777,7.515992029744251
225,0.5117143490126401,0.5161094984366525,0.5139119237246463,0.004395149424012423,0.5139119237246463,4.350883384217733,8.466204389040277
226,0.5476100429728332,0.5889718791998587,0.568290961086346,0.041361836227025495,0.568290961086346,4.192018164121253,7.376534999092336
227,0.53807892201567,0.48540312225133736,0.5117410221335037,0.05267579976433262,0.5117410221335037,4.213591795809848,8.233836283522724
228,0.5226692449380848,0.4642684435775094,0.4934688442577971,0.05840080136057535,0.4934688442577971,4.0871056256182925,8.282398520549991
229,0.5420827515845086,0.44339222555297225,0.49273748856874044,0.09869052603153633,0.49273748856874044,4.529543615576993,9.192610103067263
230,0.5225432937850213,0.4243199430015864,0.47343161839330383,0.09822335078343492,0.47343161839330383,4.6520125795348335,9.826155243543893
231,0.5394451155266375,0.45900983034511783,0.49922747293587766,0.08043528518151971,0.49922747293587766,4.4747086784926955,8.963266088257608
232,0.5398203111743044,0.45118951395659473,0.4955049125654496,0.08863079721770967,0.4955049125654496,4.33152556651593,8.741640005322436
233,0.5450092538289506,0.4769183112126266,0.5109637825207887,0.06809094261632398,0.5109637825207887,4.592675248516344,8.988259844677916
234,0.5397416256300086,0.487988324809148,0.5138649752195783,0.051753300820860604,0.5138649752195783,4.674239928259876,9.096241529718071
235,0.5743984117564644,0.4745044815566493,0.5244514466565569,0.09989393019981513,0.5244514466565569,4.666957165154633,8.898740188261593
236,0.5471419069593734,0.4754716636438341,0.5113067853016038,0.07167024331553928,0.5113067853016038,4.586532818858073,8.970217002210564
237,0.5221165620637194,0.5019543416720664,0.5120354518678929,0.02016222039165294,0.5120354518678929,4.680747482861798,9.141451955692803
238,0.5156984471269421,0.4581468979369055,0.4869226725319238,0.05755154919003663,0.4869226725319238,4.640010441412051,9.529255266107661
239,0.5421851832526529,0.46246052648066566,0.5023228548666593,0.0797246567719872,0.5023228548666593,4.456375640929979,8.871536697475005
240,0.5296151967536552,0.4976604010497138,0.5136377989016845,0.031954795703941385,0.5136377989016845,4.556755045054437,8.871533704875654
241,0.5281118284994524,0.5439737910612851,0.5360428097803687,0.0158619625618327,0.5360428097803687,4.166884906219068,7.773418149058569
242,0.5313957704101062,0.5580415790941757,0.544718674752141,0.026645808684069516,0.544718674752141,4.471242260921184,8.208351334669587
243,0.5503374771188814,0.5204747118505774,0.5354060944847294,0.029862765268304003,0.5354060944847294,4.36057737084409,8.14442983702058
244,0.5442067307083754,0.5555965961261282,0.5499016634172518,0.011389865417752776,0.5499016634172518,4.520560722546332,8.220671118640066
245,0.5526939426562605,0.5507369620395853,0.5517154523479229,0.0019569806166751524,0.5517154523479229,4.845143722691821,8.781961248452356
246,0.5525549301797277,0.5583453530536884,0.555450141616708,0.005790422873960699,0.555450141616708,4.682963923351687,8.43093479051302
247,0.5577579352298133,0.5685059003628267,0.56313191779632,0.010747965133013349,0.56313191779632,4.773127774053474,8.476038425830932
248,0.5587504966043957,0.5575779934385182,0.558164245021457,0.0011725031658774698,0.558164245021457,5.307630552852907,9.509083751233243
249,0.5589197468484015,0.5483908574121983,0.5536553021302999,0.010528889436203226,0.5536553021302999,5.485160228115908,9.907175470027385
250,0.5671789789716667,0.562723504008094,0.5649512414898803,0.004455474963572681,0.5649512414898803,5.229591856786068,9.256713628940211
251,0.5772791201548558,0.5772241113568544,0.5772516157558552,5.500879800146574e-05,0.5772516157558552,4.874522842468363,8.444364137613798
252,0.5589164972348153,0.5539001083729304,0.5564083028038729,0.005016388861884935,0.5564083028038729,5.150572103938434,9.256821075428753
253,0.5320622063265293,0.5807771224028934,0.5564196643647114,0.04871491607636402,0.5564196643647114,5.274015356076191,9.478484844883699
254,0.5265360144490967,0.5928688810554434,0.5597024477522701,0.06633286660634674,0.5597024477522701,5.1015638897042095,9.11477859386138
255,0.5569273145582425,0.5493903924506952,0.5531588535044689,0.007536922107547306,0.5531588535044689,5.232959809820394,9.460139301156675
256,0.529297499535546,0.5542517103281125,0.5417746049318293,0.024954210792566545,0.5417746049318293,4.520349126736149,8.34359729228161
257,0.5202894386835534,0.5626759238252073,0.5414826812543803,0.042386485141653885,0.5414826812543803,4.373484750755061,8.076869126494676
258,0.5066790063751013,0.5962051519826048,0.551442079178853,0.0895261456075035,0.551442079178853,4.358077804025048,7.9030563110356375
259,0.5166801355800168,0.600012466886476,0.5583463012332464,0.08333233130645923,0.5583463012332464,4.617319887704018,8.26963459327217
260,0.504039641536172,0.5385983104879287,0.5213189760120504,0.034558668951756744,0.5213189760120504,4.573095226604988,8.772163372198598
261,0.5123129523649316,0.5374299470565873,0.5248714497107594,0.025116994691655736,0.5248714497107594,4.649273222476763,8.857927450690708
262,0.5178642386944585,0.5396281274555048,0.5287461830749817,0.02176388876104629,0.5287461830749817,4.550119272284078,8.605488640735633
263,0.5045719724494121,0.5328560440719443,0.5187140082606783,0.028284071622532214,0.5187140082606783,4.64271288958087,8.950428975590125
264,0.5222031094705751,0.5381118044985371,0.5301574569845562,0.015908695027961994,0.5301574569845562,4.668499340839404,8.805873197357291
265,0.5215534932506948,0.5383242550191382,0.5299388741349165,0.016770761768443387,0.5299388741349165,4.460760125000174,8.417499343262964
266,0.5337237350639793,0.5422393024022927,0.537981518733136,0.008515567338313379,0.537981518733136,4.912459014860335,9.131278387459151
267,0.5717738847581016,0.5506229601143374,0.5611984224362195,0.021150924643764224,0.5611984224362195,4.486864001252627,7.995147209742132
268,0.556947104599211,0.546738159692586,0.5518426321458985,0.01020894490662505,0.5518426321458985,5.446491631910429,9.869646371341718
269,0.5339386907601185,0.5658889464356278,0.5499138185978731,0.031950255675509354,0.5499138185978731,4.646947484427886,8.45031953602531
270,0.5891428551516608,0.5505592708468434,0.5698510629992521,0.03858358430481734,0.5698510629992521,4.849650313593625,8.510382148045567
271,0.5845202431391227,0.5261774022437572,0.5553488226914399,0.058342840895365455,0.5553488226914399,3.9125365104093257,7.045187367909825
272,0.5695065773369387,0.5404233374401466,0.5549649573885427,0.029083239896792068,0.5549649573885427,3.7177494669253397,6.699070666406897
273,0.5812808610224875,0.5559207031584261,0.5686007820904568,0.025360157864061428,0.5686007820904568,3.8022746520193667,6.687072497579638
274,0.6018240937011148,0.537309641425143,0.5695668675631289,0.06451445227597175,0.5695668675631289,3.8424226713091154,6.746218732400606
275,0.619344344308171,0.4893842585248166,0.5543643014164938,0.12996008578335438,0.5543643014164938,3.847980080428458,6.941247967439864
276,0.6316115732841052,0.4673556256527474,0.5494835994684263,0.1642559476313578,0.5494835994684263,3.691569585663186,6.718252536080117
277,0.6200779559523637,0.4937498084600463,0.556913882206205,0.1263281474923174,0.556913882206205,3.782498794708042,6.791891736876331
278,0.5930897690257162,0.5259596499395519,0.5595247094826341,0.06713011908616429,0.5595247094826341,4.067119755859069,7.268883191270929
279,0.6126997183897347,0.5242869384203176,0.5684933284050262,0.0884127799694171,0.5684933284050262,3.8369242037904954,6.749286248539503
280,0.6130410347523182,0.5068799928143394,0.5599605137833288,0.10616104193797882,0.5599605137833288,3.955528636472321,7.0639420800354396
281,0.6211921528225157,0.5028145816575105,0.5620033672400131,0.11837757116500525,0.5620033672400131,4.081985233235858,7.263275402214052
282,0.6277115544911224,0.5004521863170726,0.5640818704040975,0.12725936817404981,0.5640818704040975,4.429288937333086,7.852209350674625
283,0.6042397634307317,0.4905186770219711,0.5473792202263514,0.11372108640876061,0.5473792202263514,4.580622472142316,8.368279801063958
284,0.6174526278430487,0.5048357630556309,0.5611441954493398,0.11261686478741773,0.5611441954493398,4.400772380584088,7.842498267419733
285,0.5566117777022692,0.5147445618114266,0.5356781697568479,0.041867215890842635,0.5356781697568479,4.346440423166551,8.113902467109055
286,0.56100959265068,0.52123552507498,0.54112255886283,0.0397740675756999,0.54112255886283,4.2127723584184675,7.785246224573627
287,0.5921032876262415,0.5148971180635981,0.5535002028449199,0.07720616956264348,0.5535002028449199,4.1787981870226405,7.54976812211478
288,0.5600495114504144,0.5131614212211579,0.5366054663357862,0.04688809022925644,0.5366054663357862,4.370077944134579,8.143931097041712
289,0.5710478367939851,0.5347378910457077,0.5528928639198464,0.036309945748277395,0.5528928639198464,4.235130522913996,7.659947883733166
290,0.5950006152728152,0.5370142697655329,0.5660074425191741,0.05798634550728232,0.5660074425191741,4.414140599011352,7.798732432501218
291,0.5992256387837672,0.5234504656146528,0.56133805219921,0.07577517316911442,0.56133805219921,4.2548288681639725,7.579797684290965
292,0.6062986376095595,0.5096989228068337,0.5579987802081966,0.09659971480272578,0.5579987802081966,4.025906203403285,7.214901441005242
293,0.5675943222589315,0.48990708835346025,0.5287507053061958,0.07768723390547122,0.5287507053061958,4.309807834882339,8.150925930938588
294,0.5469873636872375,0.5140782088973025,0.53053278629227,0.03290915478993506,0.53053278629227,4.705261035090307,8.868935448785221
295,0.5656420111363657,0.5255643098269426,0.5456031604816541,0.04007770130942312,0.5456031604816541,5.443061901639409,9.976228687594691
296,0.5408850951773351,0.5335278356048203,0.5372064653910777,0.007357259572514763,0.5372064653910777,5.516835520410406,10.26948831748374
297,0.5850739671813995,0.5436856441805828,0.5643798056809912,0.04138832300081663,0.5643798056809912,5.257242281427942,9.315078655382532
298,0.5724417263428655,0.5278893385826074,0.5501655324627365,0.04455238776025805,0.5501655324627365,4.90900695003764,8.922781709103404
299,0.5614588861224802,0.5597585055173522,0.5606086958199161,0.0017003806051280046,0.5606086958199161,4.623102107749904,8.24657580629998
300,0.5434366259631885,0.5485280656594275,0.545982345811308,0.005091439696238931,0.545982345811308,4.305142042380229,7.885130490772481
301,0.5189909272094432,0.5511117661688354,0.5350513466891393,0.03212083895939222,0.5350513466891393,4.53480922813613,8.475465497278373
302,0.4843831119373611,0.5523284875646043,0.5183557997509827,0.06794537562724318,0.5183557997509827,3.8454043109081395,7.418464909152103
303,0.4936689865778892,0.5615528669792534,0.5276109267785714,0.06788388040136423,0.5276109267785714,3.8600047265074453,7.316006038910977
304,0.5233697085687705,0.5456012192564191,0.5344854639125949,0.022231510687648615,0.5344854639125949,3.885640407237142,7.269871062148411
305,0.5196605812070468,0.5358990373748554,0.5277798092909511,0.016238456167808613,0.5277798092909511,3.889710636337648,7.369949679513701
306,0.5157564172135785,0.5095443120930008,0.5126503646532896,0.006212105120577682,0.5126503646532896,4.0955721391349895,7.989016338464646
307,0.5042049609286924,0.512137080392436,0.5081710206605642,0.007932119463743614,0.5081710206605642,4.264832086966024,8.392513373592674
308,0.5124670080657757,0.5508825608565071,0.5316747844611414,0.03841555279073139,0.5316747844611414,3.9187497855516793,7.370576713588887
309,0.46691390645157005,0.4976821343014822,0.48229802037652614,0.030768227849912178,0.48229802037652614,4.129776939893897,8.56270763182858
310,0.34192196083306453,0.3224702729834267,0.3321961169082456,0.019451687849637855,0.3321961169082456,4.090190097688871,12.31257648571071
311,0.3295532346170903,0.23363646458632872,0.2815948496017095,0.09591677003076157,0.2815948496017095,3.9705610740141837,14.100261704467195
312,0.3258320163962325,0.2987878708766918,0.31230994363646214,0.027044145519540708,0.31230994363646214,3.855490107962787,12.345076378518032
313,0.3510593720556297,0.349486815101166,0.35027309357839786,0.0015725569544636775,0.35027309357839786,3.7558884110512247,10.722743139305916
314,0.3730064147305049,0.38740327607198616,0.38020484540124555,0.01439686134148127,0.38020484540124555,3.733264817675247,9.819087954377283
315,0.42527228474981216,0.45333903827782585,0.439305661513819,0.028066753528013688,0.439305661513819,3.9155896913135337,8.913132778258909
316,0.45629802619595844,0.4617748829344023,0.4590364545651804,0.005476856738443836,0.4590364545651804,3.88579592614565,8.465114017636022
317,0.48091017277946607,0.44558352270815493,0.46324684774381053,0.03532665007131114,0.46324684774381053,4.172564269323639,9.007215677010269
318,0.5278623509957692,0.4537610194862256,0.4908116852409974,0.07410133150954357,0.4908116852409974,4.927057901105279,10.038591274953049
319,0.5209286142281369,0.4607008918427944,0.4908147530354656,0.060227722385342464,0.4908147530354656,4.876845762065959,9.93622488302336
320,0.4955173500459608,0.45011540443259057,0.4728163772392757,0.04540194561337024,0.4728163772392757,5.211522815349398,11.022297589983923
321,0.517256795278714,0.4907916171176527,0.5040242061981833,0.026465178161061365,0.5040242061981833,4.619518864779462,9.165271842049304
322,0.4832526247599931,0.4704959964186098,0.4768743105893014,0.012756628341383303,0.4768743105893014,4.51414025820692,9.466100727104662
323,0.4307417617912599,0.4545676664691174,0.44265471413018864,0.0238259046778575,0.44265471413018864,4.007805417467863,9.054021768057195
324,0.4923060369188128,0.4655207948475499,0.47891341588318137,0.026785242071262927,0.47891341588318137,4.287811494915278,8.953208143079415
325,0.49452734327390435,0.4461588631816779,0.47034310322779116,0.04836848009222644,0.47034310322779116,4.004405615168953,8.513796817021861
326,0.5374261440343425,0.4507553234621511,0.4940907337482468,0.08667082057219144,0.4940907337482468,3.9286124325899303,7.951196337536801
327,0.5051591925761311,0.46233081477358484,0.48374500367485795,0.042828377802546225,0.48374500367485795,4.087300658741481,8.449287595099792
328,0.5217262037632303,0.4874148669135877,0.504570535338409,0.034311336849642604,0.504570535338409,4.649781701497355,9.21532546163998
329,0.492519061433093,0.48246303478258984,0.4874910481078414,0.010056026650503147,0.4874910481078414,4.862884193349758,9.97533023883139
330,0.5099484866808693,0.5022520116111778,0.5061002491460236,0.007696475069691511,0.5061002491460236,4.405181233757006,8.704167289366405
331,0.5424089756700308,0.4986449303903217,0.5205269530301763,0.04376404527970906,0.5205269530301763,3.9117738623363367,7.515026531411067
332,0.5702166455756956,0.4912802652064475,0.5307484553910715,0.0789363803692481,0.5307484553910715,4.218738861082499,7.948659705422985
333,0.5500470752654268,0.49016192800992664,0.5201045016376767,0.059885147255500204,0.5201045016376767,4.104520351615331,7.891722410960183
334,0.46600941579010907,0.49905193835919426,0.4825306770746517,0.033042522569085186,0.4825306770746517,4.660237241333598,9.657908735640074
335,0.5243623167168039,0.5105806833685972,0.5174715000427006,0.013781633348206701,0.5174715000427006,4.36586427527546,8.436917346975049
336,0.5118460093531069,0.489481497964934,0.5006637536590204,0.02236451138817286,0.5006637536590204,4.3744321303359,8.737265476811668
337,0.5380954155427785,0.4967640555269688,0.5174297355348736,0.041331360015809726,0.5174297355348736,4.694663023879541,9.073044514974791
338,0.5404273713844917,0.4734730028841149,0.5069501871343033,0.06695436850037678,0.5069501871343033,5.00133679131473,9.865538899564024
339,0.5177959653095072,0.5033044603284927,0.510550212819,0.01449150498101448,0.510550212819,5.040894224956897,9.873454360392152
340,0.495839041824029,0.4634912342641072,0.4796651380440681,0.03234780755992178,0.4796651380440681,4.643231583898585,9.68015228880778
341,0.5110712195548007,0.5178324991862646,0.5144518593705327,0.00676127963146389,0.5144518593705327,4.71794925724555,9.170827495926025
342,0.4847208832279959,0.5059175402512469,0.4953192117396214,0.02119665702325102,0.4953192117396214,4.339205027248359,8.760421409879383
343,0.5080500034476931,0.5128680660110765,0.5104590347293848,0.004818062563383352,0.5104590347293848,3.951262678651211,7.740606806471624
344,0.4958134530896785,0.5076651347620572,0.5017392939258678,0.011851681672378711,0.5017392939258678,3.944223762597606,7.861101991306997
345,0.5238884929744207,0.532622338111419,0.5282554155429199,0.008733845136998264,0.5282554155429199,4.013407528690422,7.597475407924785
346,0.5225481834194431,0.5450116650640509,0.5337799242417469,0.022463481644607763,0.5337799242417469,3.910703869746453,7.32643490723587
347,0.5027342123674542,0.5273036554767606,0.5150189339221074,0.02456944310930642,0.5150189339221074,3.9510149236910137,7.6715915929579666
348,0.5156114125397905,0.4883982916123898,0.5020048520760901,0.02721312092740069,0.5020048520760901,3.859598504375099,7.688368923952333
349,0.48059807370000723,0.5278042739891405,0.5042011738445739,0.047206200289133304,0.5042011738445739,4.148563489267068,8.227992524559083
350,0.5044150571930182,0.48392636467146677,0.49417071093224246,0.020488692521551388,0.49417071093224246,4.619529877775312,9.348044664688176
351,0.5236417536131165,0.4684551226425543,0.4960484381278354,0.0551866309705622,0.4960484381278354,4.688548178508724,9.451795063006427
352,0.5086178140451254,0.5344082984840554,0.5215130562645904,0.02579048443892995,0.5215130562645904,4.487540511164548,8.604847869595401
353,0.4997985104967881,0.5166920617644334,0.5082452861306107,0.0168935512676453,0.5082452861306107,4.315121523052721,8.490234225101707
354,0.5026257107324587,0.518452134469227,0.5105389226008428,0.015826423736768347,0.5105389226008428,4.234410135851096,8.294000610726611
355,0.5024303176455159,0.5234982592792884,0.5129642884624022,0.021067941633772458,0.5129642884624022,4.304107815802321,8.390657814998736
356,0.5096237017854709,0.5248683612722255,0.5172460315288482,0.015244659486754575,0.5172460315288482,4.6667690271128315,9.022338969559698
357,0.5252202950171876,0.5176777198234759,0.5214490074203317,0.007542575193711709,0.5214490074203317,4.440712687916948,8.516101526179261
358,0.49728900250146385,0.5429506969809755,0.5201198497412197,0.04566169447951168,0.5201198497412197,4.584166104497173,8.81367266943951
359,0.5054480687629658,0.5067541565394107,0.5061011126511883,0.0013060877764449197,0.5061011126511883,4.808746085862941,9.501552092372485
360,0.5005877834177767,0.4940354459065565,0.49731161466216656,0.006552337511220141,0.49731161466216656,4.576301019264182,9.202079509791767
361,0.5086664996833669,0.474387374975076,0.4915269373292214,0.034279124708290865,0.4915269373292214,4.436024266806407,9.02498709615011
362,0.5257962658498921,0.4835227432837524,0.5046595045668223,0.042273522566139754,0.5046595045668223,4.223357942623616,8.368727635970638
363,0.5360442079433767,0.4710918138654018,0.5035680109043892,0.06495239407797493,0.5035680109043892,4.284590586375904,8.508464583921723
364,0.550690310413191,0.49530217246956393,0.5229962414413775,0.055388137943627125,0.5229962414413775,4.025847283916143,7.697660068877186
365,0.5507739585668444,0.47965971439084565,0.515216836478845,0.07111424417599876,0.515216836478845,4.162627154607236,8.079369422505577
366,0.5192097445849031,0.5262961442838772,0.5227529444343901,0.007086399698974066,0.5227529444343901,3.914086205876236,7.4874493726883
367,0.5554417929930497,0.5469430867325419,0.5511924398627959,0.00849870626050786,0.5511924398627959,4.461351572936797,8.09399993593404
368,0.5489118036462651,0.5406640457394983,0.5447879246928817,0.008247757906766795,0.5447879246928817,4.131191647755472,7.5831189725513575
369,0.5619023583845346,0.5439082529997924,0.5529053056921636,0.01799410538474222,0.5529053056921636,4.26969902202972,7.722297069811308
370,0.5359887734889299,0.5622463127849703,0.5491175431369502,0.026257539296040355,0.5491175431369502,4.367008170605272,7.952774820592717
371,0.5594237709934659,0.6027222739952361,0.581073022494351,0.043298503001770294,0.581073022494351,4.261926449823678,7.334579794340927
372,0.5540254150465153,0.5248723348598923,0.5394488749532038,0.029153080186622993,0.5394488749532038,4.53492725100583,8.40659321311816
373,0.5358516209554183,0.5249196811633815,0.5303856510593998,0.010931939792036771,0.5303856510593998,4.085547747167372,7.702975634817497
374,0.5404579291965835,0.5038069484859103,0.5221324388412469,0.03665098071067319,0.5221324388412469,4.402694650196199,8.432141584550788
375,0.5651733695671778,0.48794090222179515,0.5265571358944865,0.07723246734538264,0.5265571358944865,4.461496239619594,8.472957511136276
376,0.5459521436756554,0.5004475876543744,0.5231998656650149,0.045504556021281006,0.5231998656650149,4.229684515119298,8.084261470027604
377,0.5267623172414445,0.5253028766867226,0.5260325969640836,0.0014594405547219136,0.5260325969640836,4.479330143873313,8.515309069675682
378,0.5104268645641236,0.521685792855233,0.5160563287096782,0.011258928291109416,0.5160563287096782,4.612793242378044,8.938546018632588
379,0.5187387157197217,0.5373632159557727,0.5280509658377472,0.018624500236051,0.5280509658377472,4.6190516505205705,8.747359534117118
380,0.5264185879966506,0.5228079127169168,0.5246132503567837,0.0036106752797337993,0.5246132503567837,4.721030867513738,8.999069055733946
381,0.5548815949993318,0.5390780277807524,0.5469798113900421,0.01580356721857934,0.5469798113900421,4.855593731609216,8.877098625029094
382,0.544628827392284,0.4944948732329909,0.5195618503126375,0.050133954159293115,0.5195618503126375,4.598915142450342,8.851525837940224
383,0.5409502838589401,0.498972036365956,0.5199611601124481,0.04197824749298407,0.5199611601124481,4.381598479457257,8.42678033588063
384,0.5493804053784138,0.5074105236286885,0.5283954645035511,0.04196988174972527,0.5283954645035511,4.543150683089319,8.598012262194175
385,0.5364235484803718,0.4952506745565894,0.5158371115184806,0.04117287392378238,0.5158371115184806,4.509881007718046,8.742839371215876
386,0.5420851547286981,0.5085781212851886,0.5253316380069434,0.03350703344350947,0.5253316380069434,4.419339019636167,8.412474520671752
387,0.5487321241960326,0.4828899909384214,0.515811057567227,0.06584213325761118,0.515811057567227,4.396912885256621,8.524270313231042
388,0.5004552891690658,0.4844324346058055,0.4924438618874356,0.016022854563260303,0.4924438618874356,4.64246101973491,9.427391382118797
389,0.5214014372632183,0.4753766614973924,0.49838904938030537,0.04602477576582592,0.49838904938030537,4.635800556761625,9.30156985296077
390,0.5340272399444027,0.4835254440585645,0.5087763420014836,0.0505017958858382,0.5087763420014836,4.6543076930303116,9.148042683589914
391,0.5093318732441062,0.46387925017216763,0.48660556170813696,0.04545262307193859,0.48660556170813696,4.40534947357759,9.05322466540136
392,0.5388649153373263,0.4772793427719518,0.508072129054639,0.0615855725653745,0.508072129054639,4.470595600101337,8.799135682604154
393,0.5316120067132832,0.4770496722171893,0.5043308394652363,0.054562334496093934,0.5043308394652363,3.884590255592411,7.702464238973388
394,0.4917355292055454,0.48649079199529577,0.4891131606004206,0.00524473721024965,0.4891131606004206,3.9079514897382674,7.9898718835146125
395,0.4987617664913342,0.47947757691939574,0.48911967170536497,0.019284189571938448,0.48911967170536497,4.579915818297825,9.36358949197338
396,0.49422348037211367,0.5070058666412744,0.5006146735066941,0.012782386269160784,0.5006146735066941,4.1648303437729695,8.319433217167331
397,0.4902134045682864,0.5528545763911306,0.5215339904797085,0.06264117182284418,0.5215339904797085,4.655881450459591,8.927282852987393
398,0.46257799161996715,0.5448843212772723,0.5037311564486198,0.08230632965730511,0.5037311564486198,4.378989676088495,8.693108655341133
399,0.5032306882874914,0.52689282913706,0.5150617587122757,0.023662140849568636,0.5150617587122757,4.333489496453721,8.41353376202503
400,0.4938374071526045,0.5387619512854894,0.516299679219047,0.044924544132884936,0.516299679219047,3.920380219933878,7.593226139252751
401,0.4496332287432008,0.5460831814320658,0.4978582050876333,0.09644995268886503,0.4978582050876333,3.9315669456752156,7.8969612341393045
402,0.4564758293526052,0.49479433513790533,0.4756350822452553,0.038318505785300105,0.4756350822452553,4.398988801365039,9.248663451399398
403,0.50734433864501,0.551084633822927,0.5292144862339685,0.043740295177917,0.5292144862339685,5.0601986860526,9.561716123952548
404,0.49491775045106734,0.5703381685281684,0.5326279594896179,0.07542041807710109,0.5326279594896179,4.564411988754676,8.569606434345747
405,0.5247376667171635,0.5089555736329984,0.516846620175081,0.015782093084165116,0.516846620175081,4.665898049875089,9.02762612299665
406,0.5156859655352523,0.4932203511505303,0.5044531583428913,0.022465614384721944,0.5044531583428913,4.56313383926862,9.045703776061853
407,0.5103018764440725,0.5006989703967353,0.5055004234204039,0.009602906047337267,0.5055004234204039,4.64227367274475,9.183520839277245
408,0.5203294726104407,0.5056637240399163,0.5129965983251785,0.014665748570524384,0.5129965983251785,4.597644585421409,8.962329575735417
409,0.5089770660602123,0.4804663321235703,0.49472169909189134,0.028510733936641997,0.49472169909189134,4.658141774175277,9.41568114502707
410,0.5079361408071597,0.5184059091472469,0.5131710249772032,0.010469768340087282,0.5131710249772032,4.181753870680337,8.148850319181806
411,0.5247651335199931,0.5196649696332402,0.5222150515766166,0.00510016388675294,0.5222150515766166,4.028470801476419,7.71419894795082
412,0.5280756117862069,0.5090610635969899,0.5185683376915984,0.019014548189216995,0.5185683376915984,4.274944416323623,8.243743602537506
413,0.5412661580525446,0.4991331715714936,0.5201996648120191,0.042132986481051016,0.5201996648120191,4.407578567921597,8.472859300119566
414,0.5410389721373136,0.49659287840474103,0.5188159252710273,0.04444609373257252,0.5188159252710273,4.444079902112799,8.565812431049086
415,0.545620507573038,0.4816812707514608,0.5136508891622494,0.06393923682157726,0.5136508891622494,4.271131020971546,8.315241170783612
416,0.5298938260315426,0.4945025530509791,0.5121981895412608,0.03539127298056344,0.5121981895412608,4.701523158253804,9.179109286709156
417,0.5394345610722245,0.4848756898608839,0.5121551254665542,0.05455887121134062,0.5121551254665542,4.623428431854167,9.027398539929473
418,0.5229788338767847,0.49725808980706065,0.5101184618419227,0.025720744069724022,0.5101184618419227,4.667127367922279,9.149104996259762
419,0.5248546315121463,0.5154754551287655,0.5201650433204559,0.009379176383380816,0.5201650433204559,4.508827880347943,8.668071678877137
420,0.5462229953543698,0.5436219926719366,0.5449224940131532,0.00260100268243324,0.5449224940131532,4.4207050072389,8.112539041436953
421,0.5474616661106816,0.5156810680145854,0.5315713670626334,0.031780598096096235,0.5315713670626334,4.12171049317036,7.753823378309824
422,0.5515228919036365,0.562680408051164,0.5571016499774002,0.01115751614752758,0.5571016499774002,4.464856800356083,8.014438299612301
423,0.5417376732509396,0.5335616702626552,0.5376496717567973,0.008176002988284359,0.5376496717567973,4.50326474008044,8.375834631063377
424,0.5092662935629843,0.5273267871176807,0.5182965403403325,0.01806049355469641,0.5182965403403325,4.42378000813575,8.535229668388167
425,0.5272788799816716,0.5389982202529939,0.5331385501173327,0.011719340271322376,0.5331385501173327,4.5260061279632975,8.489361962227676
426,0.5314576217232525,0.48789559609155253,0.5096766089074025,0.043562025631699974,0.5096766089074025,4.01163315047899,7.870938317296447
427,0.5446908129692796,0.5598653706839446,0.5522780918266121,0.015174557714665027,0.5522780918266121,4.048609524589769,7.330744392194415
428,0.541564351145953,0.490652536549975,0.516108443847964,0.050911814595978044,0.516108443847964,4.462565628154668,8.646565816445465
429,0.5466044440262241,0.4951711835472207,0.5208878137867223,0.05143326047900343,0.5208878137867223,4.096481648973239,7.864422128044917
430,0.524163529488595,0.5054264196727597,0.5147949745806774,0.018737109815835318,0.5147949745806774,4.576022098277328,8.889018588428712
431,0.5353013711248469,0.5139590858609291,0.524630228492888,0.021342285263917793,0.524630228492888,4.331280485915455,8.255872899962284
432,0.5266135389286489,0.5288257200298359,0.5277196294792423,0.0022121811011869275,0.5277196294792423,4.390004917199726,8.318820585718624
433,0.535721276886141,0.49979529891928,0.5177582879027105,0.035925977966861034,0.5177582879027105,4.695005063501703,9.067947675970219
434,0.5207504442356277,0.478731471368643,0.49974095780213534,0.04201897286698464,0.49974095780213534,4.61982185788481,9.244433112312473
435,0.5159789387040714,0.48585758512212773,0.5009182619130996,0.030121353581943677,0.5009182619130996,4.383390140621199,8.75070939494244
436,0.5198215617890644,0.4868816383322206,0.5033516000606425,0.03293992345684377,0.5033516000606425,4.845816925222972,9.627101462753194
437,0.5264817273059467,0.47367234651346574,0.5000770369097062,0.05280938079248093,0.5000770369097062,4.840903798023418,9.680316112770223
438,0.541790673992183,0.4798050064887155,0.5107978402404492,0.061985667503467456,0.5107978402404492,4.694085880857277,9.189713642186932
439,0.5440787198219992,0.4850405814492099,0.5145596506356045,0.05903813837278926,0.5145596506356045,4.483325577148922,8.71293653050903
440,0.5611684730150381,0.5075796585583876,0.5343740657867129,0.053588814456650535,0.5343740657867129,4.535872913101464,8.488198068563992
441,0.533306313699859,0.48430557296064874,0.5088059433302539,0.04900074073921029,0.5088059433302539,4.509340148597452,8.862593308330414
442,0.5156725332688118,0.4969529184749753,0.5063127258718936,0.018719614793836492,0.5063127258718936,4.871080208422724,9.62069479891998
443,0.5212659115348898,0.5022365203321454,0.5117512159335176,0.019029391202744383,0.5117512159335176,4.772796221525486,9.326399377125325
444,0.5368301882542186,0.5058161451530055,0.521323166703612,0.03101404310121303,0.521323166703612,4.848559801338952,9.300487895055516
445,0.5496095104925676,0.5424636120088611,0.5460365612507143,0.007145898483706503,0.5460365612507143,4.707239170988413,8.620739901017489
446,0.5565590834719605,0.5338698050047901,0.5452144442383753,0.022689278467170393,0.5452144442383753,4.81605479120821,8.83332208473656
447,0.538706486259722,0.48868386281800535,0.5136951745388636,0.050022623441716596,0.5136951745388636,4.717194945263632,9.182867932326182
448,0.5662664734696159,0.48694256602151514,0.5266045197455655,0.07932390744810075,0.5266045197455655,4.733208452644524,8.988165264763438
449,0.5629408651699799,0.4783659013445732,0.5206533832572765,0.08457496382540669,0.5206533832572765,4.412542825867448,8.475010376888356
450,0.5593817004715932,0.47838100331685895,0.5188813518942261,0.08100069715473424,0.5188813518942261,4.028539099771156,7.763892622204648
451,0.534218925835814,0.4628904621224836,0.49855469397914876,0.0713284637133304,0.49855469397914876,3.8053817733764896,7.632827088647657
452,0.5120387244036676,0.5070919480083395,0.5095653362060035,0.004946776395328145,0.5095653362060035,4.18698065649908,8.216768997030828
453,0.5300564276375409,0.495693350624191,0.512874889130866,0.034363077013349896,0.512874889130866,3.7502315402060913,7.312176165538836
454,0.5331241705726447,0.5170899741061876,0.5251070723394162,0.016034196466457096,0.5251070723394162,4.390032106216356,8.360260863861967
455,0.5370197433026153,0.5671020865373264,0.5520609149199709,0.03008234323471115,0.5520609149199709,3.484207399307884,6.311273457591124
456,0.5266490203178867,0.49218677157858176,0.5094178959482343,0.03446224873930498,0.5094178959482343,4.284547373904891,8.410673060336057
457,0.5414809417139054,0.5144540720593747,0.5279675068866401,0.027026869654530716,0.5279675068866401,4.345214890956284,8.230080136142252
458,0.5107347749196777,0.5022642127555293,0.5064994938376035,0.00847056216414832,0.5064994938376035,4.258058484495738,8.406836603593879
459,0.5310936792397596,0.5246868661803876,0.5278902727100736,0.006406813059371963,0.5278902727100736,4.457746652157542,8.44445689304416
460,0.5416241960893192,0.5343730183470363,0.5379986072181777,0.007251177742282899,0.5379986072181777,3.519591128165304,6.542007880585429
461,0.5522299255653614,0.4718848256711155,0.5120573756182385,0.08034509989424593,0.5120573756182385,3.917324550225455,7.650167220999067
462,0.5557049783907676,0.48378888907454515,0.5197469337326563,0.07191608931622245,0.5197469337326563,3.763829489515133,7.241657901633999
463,0.5408635487784471,0.478252447472588,0.5095579981255176,0.06261110130585912,0.5095579981255176,4.069514847542445,7.986362420985914
464,0.566140067996966,0.49788215376968636,0.5320111108833262,0.06825791422727967,0.5320111108833262,4.132933598374491,7.768509931141029
465,0.5650442488460092,0.4969057919809881,0.5309750204134986,0.06813845686502112,0.5309750204134986,3.8207693150542887,7.1957609457387495
466,0.5661713936607848,0.49652601953164516,0.531348706596215,0.06964537412913968,0.531348706596215,3.748209792764511,7.054143063178411
467,0.5732559422166755,0.4961275854649216,0.5346917638407985,0.07712835675175395,0.5346917638407985,3.732570397270071,6.980789025920779
468,0.561442821798501,0.4873343435761415,0.5243885826873212,0.0741084782223595,0.5243885826873212,3.637859029697072,6.937334545031903
469,0.5877023531729785,0.49388525745152495,0.5407938053122517,0.09381709572145353,0.5407938053122517,3.574768326180741,6.610224250103395
470,0.580479092090357,0.49140776190885876,0.5359434269996078,0.08907133018149821,0.5359434269996078,3.5684816692400307,6.658317817642797
471,0.5534187018399928,0.5156543140921006,0.5345365079660467,0.03776438774789215,0.5345365079660467,3.599689990533971,6.734226637262015
472,0.5386068104975257,0.5066995279290619,0.5226531692132939,0.03190728256846376,0.5226531692132939,3.680164321657098,7.041312553785031
473,0.516849316609758,0.47803908134272266,0.4974441989762403,0.03881023526703531,0.4974441989762403,3.826118943975696,7.691554051389078
474,0.5293722694158844,0.4666375841020377,0.4980049267589611,0.06273468531384674,0.4980049267589611,3.734038901903723,7.497995905793582
475,0.5520926573253928,0.45759402933631843,0.5048433433308557,0.09449862798907438,0.5048433433308557,3.8560623500034414,7.6381364653872845
476,0.5472615977254583,0.46650239243323677,0.5068819950793475,0.08075920529222158,0.5068819950793475,3.7312776633585196,7.361235355725003
477,0.5364112938022438,0.47768111758055426,0.507046205691399,0.05873017622168958,0.507046205691399,3.8157193497958692,7.525387838358485
478,0.5357701399676404,0.4696369518149373,0.5027035458912888,0.06613318815270314,0.5027035458912888,3.783573159325459,7.526450112097813
479,0.5341956329834687,0.47412317497033835,0.5041594039769035,0.06007245801313038,0.5041594039769035,3.9467122128846017,7.828302282476929
480,0.5440958909591522,0.4786872168907215,0.5113915539249368,0.0654086740684307,0.5113915539249368,4.051646745260117,7.922787762456527
481,0.5593985326276745,0.5126069372719411,0.5360027349498078,0.046791595355733406,0.5360027349498078,5.277862149670517,9.846707498917416
482,0.549796779077442,0.5154247926737092,0.5326107858755755,0.034371986403732735,0.5326107858755755,5.3729798130811535,10.088004140299832
483,0.4968256078746913,0.491643569928845,0.4942345889017682,0.005182037945846318,0.4942345889017682,4.959454611188507,10.034616602226976
484,0.49055635424124666,0.49914456239135646,0.4948504583163016,0.0085882081501098,0.4948504583163016,4.757390658279433,9.613794588502886
485,0.49368867998554494,0.5059086605863139,0.4997986702859294,0.012219980600768954,0.4997986702859294,4.141454424099422,8.28624538302621
486,0.48336455434005543,0.48516411247115154,0.4842643334056035,0.0017995581310961128,0.4842643334056035,4.243421077458634,8.76261327696105
487,0.495834557953495,0.49344971495891504,0.49464213645620503,0.002384842994579972,0.49464213645620503,4.348308057941509,8.790816102110425
488,0.4836885316302541,0.5013879846611586,0.4925382581457064,0.017699453030904533,0.4925382581457064,4.8861724267761035,9.920391656825648
489,0.475076683568095,0.4758386438778128,0.4754576637229539,0.0007619603097177574,0.4754576637229539,5.069039285345296,10.661389377244305
490,0.4918629998598452,0.48071167111823343,0.48628733548903935,0.011151328741611788,0.48628733548903935,5.045668972217712,10.375900427559948
491,0.5225418527369954,0.46438544099811696,0.49346364686755617,0.05815641173887842,0.49346364686755617,4.538251417206242,9.196728970846138
492,0.5116854906469473,0.45782522230035777,0.48475535647365253,0.05386026834658958,0.48475535647365253,4.438973501634362,9.157141725932902
493,0.5189279081959287,0.474961947477871,0.49694492783689986,0.043965960718057695,0.49694492783689986,4.5001495580806825,9.055630324408215
494,0.5362971293957584,0.48573883463827155,0.511017982017015,0.0505582947574868,0.511017982017015,4.6982389411149255,9.19388183282852
495,0.5213466896822844,0.517419559585344,0.5193831246338142,0.0039271300969403455,0.5193831246338142,4.759443203857982,9.163646214369363
496,0.51250826801816,0.5159003953387377,0.5142043316784488,0.003392127320577698,0.5142043316784488,4.7745798864399935,9.285374689192071
497,0.5023643694785461,0.4846396270505468,0.49350199826454644,0.017724742427999318,0.49350199826454644,4.4606190283919025,9.038705099631118
498,0.5270891072378969,0.47979289689116555,0.5034410020645312,0.04729621034673137,0.5034410020645312,4.557033384098551,9.051772432938286
499,0.5152716290614121,0.4696025358300725,0.4924370824457423,0.04566909323133961,0.4924370824457423,4.5611911504692255,9.262485123613303
500,0.5206963842473484,0.4906849516512716,0.5056906679493101,0.03001143259607686,0.5056906679493101,4.821324722399435,9.534138215267046
501,0.5403247415687398,0.5364457294240537,0.5383852354963967,0.0038790121446861114,0.5383852354963967,4.6189645800442385,8.57929281025975
502,0.5749586103530332,0.5296940686164252,0.5523263394847292,0.04526454173660799,0.5523263394847292,3.8179974108810533,6.91257529822478
503,0.5489045546850684,0.4944776312173149,0.5216910929511916,0.05442692346775346,0.5216910929511916,4.111165087212209,7.880458652179521
504,0.5467490569979898,0.4789494379526303,0.51284924747531,0.06779961904535953,0.51284924747531,3.9354726839097935,7.673741754099499
505,0.5341133913391501,0.5250276386930874,0.5295705150161187,0.009085752646062706,0.5295705150161187,3.9323300195877144,7.425507856055817
506,0.5451596019547754,0.5019933168274644,0.5235764593911199,0.04316628512731102,0.5235764593911199,3.9944655130253173,7.629192339301467
507,0.5439581327444661,0.4993285108857963,0.5216433218151312,0.044629621858669866,0.5216433218151312,3.7153870113862593,7.122466359691999
508,0.5370013906248629,0.47932067221014646,0.5081610314175047,0.05768071841471639,0.5081610314175047,3.7133301254476807,7.307388595086528
509,0.5580108514918541,0.4662981831167783,0.5121545173043163,0.09171266837507586,0.5121545173043163,3.657497144518958,7.1413938976266325
510,0.5520782944959797,0.47625711428561296,0.5141677043907963,0.07582118021036671,0.5141677043907963,3.827739475723952,7.444535008785102
511,0.5376864044729054,0.49062047230758227,0.5141534383902439,0.04706593216532312,0.5141534383902439,4.251951218825633,8.269809946497704
512,0.5357562359425871,0.490140717956441,0.5129484769495141,0.04561551798614616,0.5129484769495141,4.421117720657898,8.619028848569986
513,0.5066038245445806,0.4807713933357506,0.4936876089401656,0.025832431208830053,0.4936876089401656,4.653292900127591,9.425581715767885
514,0.5449253000126588,0.476333776149766,0.5106295380812125,0.0685915238628928,0.5106295380812125,4.655333160190541,9.116850501214325
515,0.5633280308504919,0.4951416022880498,0.5292348165692708,0.06818642856244206,0.5292348165692708,3.9795143071746537,7.519373598607113
516,0.5496690661500354,0.49207552715024877,0.5208722966501421,0.05759353899978664,0.5208722966501421,4.594945676281993,8.821635755699083
517,0.5557351903685529,0.49877782616785116,0.527256508268202,0.05695736420070174,0.527256508268202,4.630413197428281,8.782088271678397
518,0.5312832822212699,0.5103194204591155,0.5208013513401927,0.020963861762154368,0.5208013513401927,3.6254535467465243,6.961298271244964
519,0.5456972818907503,0.4930175035104404,0.5193573927005953,0.052679778380309905,0.5193573927005953,3.7622186352318145,7.243987835946139
520,0.5046646034034984,0.5116363605445318,0.508150481974015,0.0069717571410333745,0.508150481974015,4.189109101243726,8.243835733403754
521,0.5245886085164356,0.5310857619777437,0.5278371852470897,0.006497153461308081,0.5278371852470897,3.814132493037195,7.225963989732429
522,0.4965636910830942,0.48408894651584133,0.49032631879946775,0.012474744567252893,0.49032631879946775,3.652425474215492,7.448968848252362
523,0.4872842380312239,0.44010324738716,0.46369374270919195,0.04718099064406389,0.46369374270919195,3.7996391185739844,8.194285944800745
524,0.5196660365304111,0.45867152090175384,0.48916877871608244,0.060994515628657264,0.48916877871608244,4.4942850290648,9.187595825025701
525,0.5122628272404847,0.46495416598162986,0.48860849661105726,0.0473086612588548,0.48860849661105726,4.0969287473512255,8.384890512070788
526,0.49413466429645286,0.4876782676771172,0.490906465986785,0.006456396619335669,0.490906465986785,4.099888273072263,8.351668916869858
527,0.48059845734786744,0.4792244095528616,0.4799114334503645,0.0013740477950058283,0.4799114334503645,4.053723285701423,8.446815397909633
528,0.4758806690164917,0.45722242106995653,0.4665515450432241,0.018658247946535145,0.4665515450432241,4.484654256378389,9.612344668075
529,0.4769413229233689,0.475505191778448,0.4762232573509084,0.0014361311449208602,0.4762232573509084,3.5029715762797284,7.355733938249344
530,0.5015493914039529,0.5002744450087356,0.5009119182063443,0.0012749463952173024,0.5009119182063443,3.182478123266563,6.353368741279542
531,0.4872050967093519,0.4786920414572686,0.4829485690833103,0.00851305525208329,0.4829485690833103,3.5340927082116256,7.317741338212729
532,0.5123467860576332,0.5277176748137415,0.5200322304356874,0.01537088875610837,0.5200322304356874,4.257029731190407,8.186088249999104
533,0.4994813984992271,0.4697078182110521,0.4845946083551396,0.029773580288175006,0.4845946083551396,3.944405675391142,8.139598764376775
534,0.5131554458117852,0.47692195478044547,0.4950387002961153,0.036233491031339715,0.4950387002961153,4.028400793802783,8.137547208719502
535,0.5240112784533397,0.4654484112676618,0.49472984486050076,0.058562867185677936,0.49472984486050076,4.013232561959765,8.111967781307753
536,0.5326174914672763,0.4750800232802484,0.5038487573737623,0.05753746818702793,0.5038487573737623,3.8829569701869473,7.706592332243291
537,0.5403944986776628,0.4644026205331418,0.5023985596054023,0.07599187814452096,0.5023985596054023,3.8717012192535902,7.706433757084279
538,0.5357863995298334,0.48002424784314407,0.5079053236864888,0.055762151686689354,0.5079053236864888,3.975636166214065,7.827514264583843
539,0.569469272469464,0.5287214311371209,0.5490953518032924,0.040747841332343104,0.5490953518032924,3.8581560450193972,7.026386277626952
540,0.5474597557943885,0.5398213686375166,0.5436405622159526,0.007638387156871929,0.5436405622159526,4.009292501587633,7.374895804767057
541,0.523735779913014,0.5134655863722645,0.5186006831426393,0.01027019354074954,0.5186006831426393,3.8095344367994124,7.345795253708937
542,0.5529222137495856,0.4906155772149935,0.5217688954822896,0.06230663653459212,0.5217688954822896,3.6261940540602904,6.949808785953923
543,0.5111366566813828,0.49672130865253206,0.5039289826669574,0.014415348028850694,0.5039289826669574,3.9313395803000697,7.80137621673223
544,0.540980450476195,0.4740935672099515,0.5075370088430733,0.06688688326624354,0.5075370088430733,4.198224577756366,8.271760491567278
545,0.5153212988410071,0.528582796009925,0.521952047425466,0.01326149716891789,0.521952047425466,4.360147444315177,8.353540264515965
546,0.5262234666678732,0.5096798010415423,0.5179516338547078,0.016543665626330917,0.5179516338547078,4.551450449600193,8.78740436771541
547,0.5102201519739379,0.4716615476407876,0.49094084980736274,0.03855860433315028,0.49094084980736274,4.38631387103118,8.934505801976549
548,0.5157280596925223,0.4882328981417081,0.5019804789171152,0.027495161550814218,0.5019804789171152,4.30804091754549,8.582088544237624
549,0.500985147825322,0.48253716843309796,0.49176115812920995,0.018447979392224034,0.49176115812920995,4.284968850937859,8.713516267203817
550,0.5085106963606658,0.4925652671829243,0.5005379817717951,0.0159454291777415,0.5005379817717951,4.750326568874382,9.490441768393406
551,0.50300954054582,0.5090731730157138,0.5060413567807669,0.0060636324698937205,0.5060413567807669,4.663145808986676,9.214950016440847
552,0.5107364086420455,0.4951784117996857,0.5029574102208656,0.015557996842359811,0.5029574102208656,4.731749837584723,9.407853908558286
553,0.508363209438817,0.491301729171153,0.499832469304985,0.017061480267663964,0.499832469304985,4.240198881085131,8.48324016841305
554,0.5143483093999993,0.47969316788581584,0.4970207386429076,0.034655141514183474,0.4970207386429076,4.092434766928645,8.233931602336858
555,0.50542015090268,0.477349268807082,0.49138470985488103,0.028070882095597993,0.49138470985488103,4.113833057224098,8.371919139362358
556,0.4951037834132998,0.4948109296038758,0.4949573565085878,0.0002928538094240096,0.4949573565085878,3.986597925063659,8.054427058494461
557,0.4844827454856088,0.48989552730500224,0.48718913639530553,0.00541278181939342,0.48718913639530553,3.8397633152821102,7.881463334121893
558,0.488592126495886,0.5036377481834693,0.49611493733967765,0.015045621687583277,0.49611493733967765,3.770527769690387,7.600109341414164
559,0.49954651844821063,0.48723417017141674,0.49339034430981366,0.012312348276793894,0.49339034430981366,3.767239884768251,7.635414693893352
560,0.5037697446777424,0.5124542526307527,0.5081119986542475,0.008684507953010345,0.5081119986542475,4.033647072875334,7.938499944025314
561,0.5106793414280691,0.5026980774837866,0.5066887094559278,0.007981263944282557,0.5066887094559278,3.979948600486772,7.854819983576033
562,0.5016716813826843,0.5342253756874474,0.5179485285350658,0.03255369430476318,0.5179485285350658,3.7857419737718923,7.30910846388396
563,0.5024465224821385,0.5088980467648692,0.5056722846235038,0.0064515242827306585,0.5056722846235038,3.61300402483871,7.144951650907182
564,0.5239273654577409,0.5193366609724415,0.5216320132150911,0.004590704485299413,0.5216320132150911,3.4529992243919003,6.619607571838352
565,0.5113911209064094,0.5154494855424674,0.5134203032244384,0.0040583646360580206,0.5134203032244384,3.565095324597632,6.943814458072128
566,0.5072740665998687,0.5024902240382578,0.5048821453190633,0.004783842561610907,0.5048821453190633,3.611649865383604,7.153451352693806
567,0.5236056058712849,0.4930483083720048,0.5083269571216449,0.0305572974992801,0.5083269571216449,3.571598206361485,7.026182964179855
568,0.547448041358091,0.4939671062603581,0.5207075738092246,0.053480935097732885,0.5207075738092246,3.4574161733746895,6.639842297821864
569,0.5280905387203358,0.5061924456070679,0.5171414921637019,0.021898093113267958,0.5171414921637019,3.632539715255565,7.024266608461731
570,0.528100275745073,0.5188698154983129,0.523485045621693,0.009230460246760108,0.523485045621693,3.722400880113557,7.110806528757319
571,0.47651505310053277,0.5453560556181235,0.5109355543593281,0.06884100251759073,0.5109355543593281,4.296175626555587,8.408449147647678
572,0.47641402178849007,0.5485995423033265,0.5125067820459083,0.07218552051483645,0.5125067820459083,4.360543856499408,8.508265664489896
573,0.48019292920454104,0.5279569413092742,0.5040749352569076,0.04776401210473313,0.5040749352569076,4.384871015105458,8.698847549066604
574,0.4879514427539942,0.5208184459192814,0.5043849443366378,0.03286700316528718,0.5043849443366378,4.417449645911326,8.75809180173114
575,0.4937185770231941,0.523271064612006,0.5084948208176001,0.029552487588811904,0.5084948208176001,4.595064801741648,9.036600991045145
576,0.50210748286209,0.5114859940954695,0.5067967384787797,0.009378511233379516,0.5067967384787797,4.644478468968394,9.164381134159301
577,0.4974613496218438,0.5051811893545459,0.5013212694881949,0.007719839732702127,0.5013212694881949,4.555890088377814,9.08776540247131
578,0.4722336351889464,0.49448196214347373,0.4833577986662101,0.02224832695452733,0.4833577986662101,4.635916136766266,9.591065147927129
579,0.4769771279321896,0.5027158522903874,0.4898464901112885,0.025738724358197795,0.4898464901112885,4.318517714843556,8.81606340358268
580,0.46790582680441667,0.5079386455502646,0.48792223617734065,0.04003281874584791,0.48792223617734065,4.467601089242488,9.15637935307931
581,0.48559702307715985,0.5114875631598211,0.4985422931184905,0.025890540082661284,0.4985422931184905,4.291490143201327,8.608076390785468
582,0.476183779028242,0.5025323854762862,0.48935808225226407,0.02634860644804421,0.48935808225226407,4.4262497472858975,9.045012042948471
583,0.48422310703707805,0.5172003178268597,0.5007117124319689,0.032977210789781664,0.5007117124319689,4.345038739329888,8.677725388579248
584,0.4979887967362063,0.5463194199529532,0.5221541083445798,0.048330623216746915,0.5221541083445798,4.356221261136973,8.342788444100908
585,0.4978636034129169,0.510062929263522,0.5039632663382194,0.012199325850605125,0.5039632663382194,4.4481329229356055,8.826303859913429
586,0.5085356811148659,0.5211951887407634,0.5148654349278147,0.012659507625897515,0.5148654349278147,4.514111388572967,8.767555719109122
587,0.486019267700868,0.5343573112817814,0.5101882894913248,0.048338043580913426,0.5101882894913248,4.334439507421572,8.495764400518006
588,0.4834608432891945,0.5651645299147119,0.5243126866019532,0.08170368662551741,0.5243126866019532,4.077321333166032,7.776507106076275
589,0.5084437176872029,0.5343890126814453,0.5214163651843241,0.025945294994242474,0.5214163651843241,4.046142735318218,7.75990744726219
590,0.49108456583522003,0.5428946422076006,0.5169896040214104,0.05181007637238061,0.5169896040214104,4.046422268351297,7.826892914047302
591,0.4900360301800337,0.5226856221671701,0.5063608261736019,0.03264959198713635,0.5063608261736019,4.029095938732309,7.956966120738108
592,0.5105519752055963,0.5224105165557364,0.5164812458806664,0.011858541350140195,0.5164812458806664,4.016729676766924,7.777106543177358
593,0.5208119690117375,0.523822075303455,0.5223170221575963,0.003010106291717496,0.5223170221575963,3.9172816462569,7.4998161654301905
594,0.5252910676382343,0.5167947416100129,0.5210429046241236,0.008496326028221368,0.5210429046241236,3.9648546734916232,7.609459102704487
595,0.5133671997644444,0.513536971438063,0.5134520856012537,0.00016977167361853507,0.5134520856012537,3.871875691200358,7.5408705111527246
596,0.511396359102728,0.5018262399825375,0.5066112995426327,0.009570119120190457,0.5066112995426327,3.8770558740087715,7.652920251697834
597,0.5175045921490629,0.5103106336306231,0.513907612889843,0.007193958518439736,0.513907612889843,3.7638606100190843,7.3240024385976055
598,0.5094059583768706,0.5102879397334129,0.5098469490551418,0.0008819813565422718,0.5098469490551418,3.8790243104677713,7.608213244497106
599,0.5291290949109317,0.49892383349653385,0.5140264642037328,0.030205261414397888,0.5140264642037328,4.0270359836262095,7.834296994541718
600,0.506383492944561,0.5180173005943789,0.5122003967694699,0.011633807649817918,0.5122003967694699,3.982578280249941,7.775429900813629
601,0.5029409502655698,0.5133997670017009,0.5081703586336354,0.010458816736131027,0.5081703586336354,3.8105945768854115,7.49865574043183
602,0.5041817444905974,0.4997008527139634,0.5019412986022804,0.004480891776633966,0.5019412986022804,3.8016763337299473,7.5739460855606024
603,0.5083106023042521,0.5221082441713772,0.5152094232378146,0.013797641867125177,0.5152094232378146,3.8181918342078762,7.410951085119116
604,0.49288315216384465,0.5121895216203928,0.5025363368921187,0.019306369456548123,0.5025363368921187,3.8320993229109983,7.625516886221998
605,0.4947834640410881,0.5201694328848401,0.5074764484629641,0.025385968843751994,0.5074764484629641,3.93248804455572,7.749104527838428
606,0.4791631948890206,0.5115694223753843,0.49536630863220243,0.03240622748636368,0.49536630863220243,3.9404889673797596,7.954697157867225
607,0.4982703387687355,0.5161138116072684,0.5071920751880019,0.017843472838532937,0.5071920751880019,3.93965800489802,7.767585886348281
608,0.5126112422053055,0.49819237095954805,0.5054018065824268,0.01441887124575747,0.5054018065824268,3.6785326230429662,7.278431883569114
609,0.5087475827198454,0.5018485197071524,0.5052980512134989,0.006899063012693052,0.5052980512134989,3.6104579979415314,7.145204675281912
610,0.5079950944343607,0.4967153799415009,0.5023552371879308,0.01127971449285986,0.5023552371879308,3.7964588804055968,7.557319202358277
611,0.4852268394250524,0.5268951435957412,0.5060609915103969,0.041668304170688786,0.5060609915103969,3.8830332340012834,7.673053839640805
612,0.49012926884005925,0.5119879808200745,0.5010586248300668,0.02185871198001521,0.5010586248300668,3.7482279420686258,7.480617549173674
613,0.4850088022086994,0.505334589690661,0.49517169594968025,0.02032578748196162,0.49517169594968025,3.7712511907428756,7.616047568126982
614,0.49696162713533565,0.4857492425286243,0.49135543483197996,0.011212384606711367,0.49135543483197996,3.6707776750275745,7.47071755964764
615,0.48201878230292783,0.5117013048088227,0.49686004355587526,0.02968252250589487,0.49686004355587526,3.4898488903115976,7.023806674684117
616,0.49408072485080246,0.5007788985599665,0.4974298117053845,0.006698173709164035,0.4974298117053845,3.524514309653056,7.085450503196901
617,0.4954556925424805,0.5082160299502272,0.5018358612463538,0.01276033740774668,0.5018358612463538,3.452729339264912,6.880196506263528
618,0.5123016395911756,0.5014756786376722,0.5068886591144239,0.01082596095350341,0.5068886591144239,3.48892628761148,6.883022977288387
619,0.49593065395869096,0.5178888998961138,0.5069097769274024,0.021958245937422793,0.5069097769274024,3.523716099747309,6.951367403300177
620,0.4989984756633614,0.5067594637413573,0.5028789697023593,0.007760988077995856,0.5028789697023593,3.4891528586478064,6.938355089124015
621,0.513868601508922,0.5102000218060069,0.5120343116574644,0.00366857970291512,0.5120343116574644,3.548538078617172,6.9302740027919025
622,0.5060154168803136,0.5042158604282867,0.5051156386543001,0.0017995564520268958,0.5051156386543001,3.5712869928496858,7.070236436084422
623,0.5226651214545713,0.4943589684578831,0.5085120449562273,0.02830615299668826,0.5085120449562273,3.7183133572034337,7.312144115531239
624,0.5211656008010306,0.515118121032643,0.5181418609168368,0.006047479768387598,0.5181418609168368,3.7849454849432544,7.304844040676244
625,0.5476413973983991,0.5080518364043435,0.5278466169013714,0.03958956099405564,0.5278466169013714,3.899521469250864,7.387603414306799
626,0.5320577365326778,0.5065691807607284,0.5193134586467032,0.025488555771949417,0.5193134586467032,4.428540064290118,8.527682058983418
627,0.5308543412866122,0.496691641304097,0.5137729912953546,0.034162699982515254,0.5137729912953546,3.913162650708509,7.616520753343639
628,0.5294792418905426,0.46529650532238903,0.49738787360646586,0.0641827365681536,0.49738787360646586,3.765339228188588,7.570227237119438
629,0.5432996685905437,0.4926793353560846,0.5179895019733142,0.05062033323445908,0.5179895019733142,3.597791630541774,6.945684452746159
630,0.5608193873703063,0.49234146323611694,0.5265804253032116,0.0684779241341894,0.5265804253032116,3.5697118816364664,6.779044017029273
631,0.5434907824950973,0.5018125672629742,0.5226516748790357,0.04167821523212312,0.5226516748790357,3.77839995701277,7.229288910032204
632,0.5326385593094006,0.47354479691430157,0.5030916781118511,0.05909376239509906,0.5030916781118511,3.8386244048339364,7.630069372724756
633,0.5385302616938453,0.47084864131539256,0.504689451504619,0.06768162037845277,0.504689451504619,3.781358681180097,7.492446433954227
634,0.5319827768606565,0.48785641362372034,0.5099195952421884,0.044126363236936195,0.5099195952421884,3.4895447717834407,6.843323544226746
635,0.4891972743831074,0.4727187514616601,0.4809580129223837,0.016478522921447303,0.4809580129223837,3.4950069648388027,7.266761070477937
636,0.5064792688765299,0.5098520378473719,0.508165653361951,0.003372768970841933,0.508165653361951,3.582658104805519,7.050177596819398
637,0.5017523205882957,0.5660820491901769,0.5339171848892363,0.06432972860188124,0.5339171848892363,3.3958766545032444,6.360305962445721
638,0.46689275102054745,0.5459195005961692,0.5064061258083583,0.07902674957562178,0.5064061258083583,3.386256469099159,6.686839468408477
639,0.47541036802949194,0.5491480655783575,0.5122792168039247,0.07373769754886556,0.5122792168039247,3.2759924583823383,6.3949353222272665
640,0.47848418122761455,0.5314046948763688,0.5049444380519916,0.05292051364875422,0.5049444380519916,3.2534483543987145,6.443180891248322
641,0.4788108365584233,0.5369343866274173,0.5078726115929203,0.058123550068994,0.5078726115929203,3.2936560860015027,6.485201231212477
642,0.5071096079882201,0.5323105625079,0.5197100852480601,0.025200954519679852,0.5197100852480601,3.150338198688951,6.061722271918737
643,0.5126748643088895,0.547948734273982,0.5303117992914358,0.03527386996509252,0.5303117992914358,3.2739506376183627,6.173633402071721
644,0.5122987016645735,0.5270299210021003,0.5196643113333369,0.014731219337526857,0.5196643113333369,3.220645700568375,6.197550284538402
645,0.5029532449123653,0.5344541655850948,0.51870370524873,0.03150092067272958,0.51870370524873,3.1609303288748145,6.093903507704997
646,0.509129869826701,0.5573501693113339,0.5332400195690175,0.0482202994846328,0.5332400195690175,3.141742285423421,5.8917976335734945
647,0.5263067510788675,0.5012442031742332,0.5137754771265504,0.025062547904634247,0.5137754771265504,3.174125226632418,6.178039567759644
648,0.5485833057842253,0.5000627349927843,0.5243230203885048,0.04852057079144101,0.5243230203885048,3.223688546842688,6.148287260883661
649,0.5610420652416673,0.49142290063925176,0.5262324829404595,0.06961916460241557,0.5262324829404595,3.4504741345443284,6.556938703714973
650,0.5804859901133238,0.47796043030323804,0.5292232102082809,0.10252555981008576,0.5292232102082809,3.4363624776903454,6.493219517598126
651,0.5568642441002564,0.5065702381576178,0.531717241128937,0.05029400594263855,0.531717241128937,3.612132029249759,6.793332526853021
652,0.5592286171772924,0.47497342603747833,0.5171010216073854,0.08425519113981411,0.5171010216073854,3.7795570702855077,7.3091270609694865
653,0.5545891354364626,0.5218730122532124,0.5382310738448375,0.032716123183250234,0.5382310738448375,3.653118325834471,6.787267594452565
654,0.5368797140884211,0.5113027107773995,0.5240912124329102,0.02557700331102153,0.5240912124329102,3.5299098481857096,6.7352967659948675
655,0.5560917164324866,0.5187760752590277,0.5374338958457572,0.03731564117345887,0.5374338958457572,3.632777624603153,6.7594873577638195
656,0.541667152594549,0.5197331013614473,0.5307001269779982,0.02193405123310166,0.5307001269779982,3.488375496609198,6.573157456119884
657,0.5619103231065095,0.49169152164152297,0.5268009223740162,0.07021880146498649,0.5268009223740162,3.565006677001434,6.76727493364251
658,0.5544411010653836,0.5351245422238405,0.544782821644612,0.01931655884154304,0.544782821644612,3.4551805506827793,6.3423081885220665
659,0.5426505835327425,0.5535060257297701,0.5480783046312563,0.01085544219702761,0.5480783046312563,3.502061631442077,6.389710378698975
660,0.5322771071583451,0.5362588803023675,0.5342679937303563,0.003981773144022371,0.5342679937303563,3.214590856226791,6.016813460566734
661,0.522000513865239,0.5180573421845959,0.5200289280249175,0.003943171680643176,0.5200289280249175,3.297068805283455,6.340164224720732
662,0.530312529364632,0.49140525137454044,0.5108588903695862,0.03890727799009158,0.5108588903695862,3.2759863147433887,6.412702952812159
663,0.521308453851929,0.5097362642062483,0.5155223590290887,0.011572189645680742,0.5155223590290887,3.2752074162413614,6.353182085855088
664,0.5279068818223366,0.4957594444825811,0.5118331631524589,0.0321474373397555,0.5118331631524589,3.1896051798226415,6.231728245542697
665,0.5311074876336397,0.4996106173361327,0.5153590524848862,0.031496870297506974,0.5153590524848862,3.0843720637711067,5.984899360745315
666,0.5427598400733471,0.48630304053926504,0.514531440306306,0.05645679953408206,0.514531440306306,3.0610757663069714,5.949249213001795
667,0.5433557150189497,0.5088218356351774,0.5260887753270636,0.03453387938377239,0.5260887753270636,3.138929119642318,5.9665388559010415
668,0.5340212317543084,0.5223539833392913,0.5281876075467998,0.011667248415017095,0.5281876075467998,3.3061311228786456,6.259387906191471
669,0.5121775994071966,0.4926511404799556,0.5024143699435761,0.01952645892724103,0.5024143699435761,3.329720397848924,6.6274386184910865
670,0.4944047153721449,0.5109979056715527,0.5027013105218487,0.016593190299407756,0.5027013105218487,3.201395219092441,6.368384470231652
671,0.5063188166141083,0.5088882750018485,0.5076035458079784,0.0025694583877402533,0.5076035458079784,3.197682644136766,6.2995671928312715
672,0.5005859661479545,0.5092814661385491,0.5049337161432518,0.008695499990594602,0.5049337161432518,3.0820195422030574,6.103810151050946
673,0.49589551584016994,0.5313606515178455,0.5136280836790077,0.03546513567767556,0.5136280836790077,2.952176282261141,5.747692495930783
674,0.5241881880758481,0.5013671673701758,0.512777677723012,0.022821020705672268,0.512777677723012,2.967380985166718,5.786876289824795
675,0.490032416935923,0.49369275777110383,0.4918625873535134,0.003660340835180853,0.4918625873535134,2.825009975098404,5.74349431677348
676,0.5155516196511754,0.48723621047683435,0.5013939150640049,0.028315409174341,0.5013939150640049,3.050166451747036,6.08337349159427
677,0.4901804492190379,0.5042248968229283,0.4972026730209831,0.014044447603890342,0.4972026730209831,3.4081537820181516,6.854656997940797
678,0.4917527278978591,0.5136091112841981,0.5026809195910286,0.02185638338633894,0.5026809195910286,3.2836033540065865,6.53218219756195
679,0.48930478285642537,0.5193304000662414,0.5043175914613334,0.030025617209816058,0.5043175914613334,3.2090405100038204,6.363134192295692
680,0.4885256975469683,0.5185313195693617,0.503528508558165,0.03000562202239343,0.503528508558165,3.3742045164330103,6.701119120533847
681,0.49556807903062966,0.5229420640565898,0.5092550715436097,0.027373985025960168,0.5092550715436097,3.245500093808583,6.373034408810314
682,0.47930570576506815,0.5174475038283028,0.4983766047966855,0.0381417980632347,0.4983766047966855,3.203360440580277,6.427589918445508
683,0.47530239153528653,0.5024613305943836,0.48888186106483505,0.027158939059097054,0.48888186106483505,3.1308868683402102,6.4041788368274
684,0.49137149227201243,0.5051191464157693,0.4982453193438908,0.013747654143756838,0.4982453193438908,3.020359580531734,6.061992884366807
685,0.4968971871540316,0.5049965721632331,0.5009468796586324,0.008099385009201543,0.5009468796586324,3.233396472769121,6.454569544324744
686,0.4970869689704794,0.48264347883944075,0.48986522390496007,0.014443490131038628,0.48986522390496007,3.507765356859631,7.16067437671424
687,0.4938045143116221,0.49254598280822964,0.4931752485599259,0.001258531503392446,0.4931752485599259,3.3471677652321503,6.786974356490712
688,0.5044360467723765,0.5050036142763425,0.5047198305243595,0.0005675675039660266,0.5047198305243595,3.307074093951303,6.552296727702463
689,0.5087522126076045,0.510584928357852,0.5096685704827282,0.00183271575024746,0.5096685704827282,3.653204254412748,7.16780367867818
690,0.5273663076654586,0.4964398749354006,0.5119030913004295,0.030926432730057962,0.5119030913004295,3.4209131961181205,6.682735959706149
691,0.5114981747391261,0.5354572994436715,0.5234777370913988,0.02395912470454542,0.5234777370913988,3.266756852119236,6.240488602763374
692,0.4960418895389552,0.520926705607455,0.5084842975732051,0.024884816068499793,0.5084842975732051,3.100852448602303,6.0982265596036065
693,0.48408968417147497,0.512080720136648,0.4980852021540615,0.027991035965172995,0.4980852021540615,3.1648342642971277,6.354001786461868
694,0.4807643337193564,0.4975747665822805,0.4891695501508184,0.016810432862924107,0.4891695501508184,3.2321233231729765,6.607368185890687
695,0.47741000986833687,0.4813499683536391,0.479379989110988,0.0039399584853022085,0.479379989110988,3.106067344196552,6.4793429320167615
696,0.4605716871900697,0.4976018462969249,0.47908676674349726,0.0370301591068552,0.47908676674349726,3.083832416888437,6.436897512010635
697,0.47785923474436287,0.4641945873207644,0.47102691103256367,0.013664647423598464,0.47102691103256367,3.1278632675089755,6.6405192447544374
698,0.4687900592443619,0.46058104724424986,0.4646855532443059,0.008209012000112037,0.4646855532443059,3.085170883527702,6.639265761519575
699,0.5002522232805863,0.4869588401438218,0.493605531712204,0.01329338313676448,0.493605531712204,3.290804220877074,6.666870627365199
700,0.5160113471089559,0.47046624533506803,0.49323879622201194,0.045545101773887875,0.49323879622201194,3.172436004119506,6.431846051889964
701,0.4719714850463471,0.46214582961435663,0.4670586573303519,0.009825655431990488,0.4670586573303519,3.87365938443455,8.293732111884824
702,0.4859737502522704,0.44727853232498854,0.46662614128862945,0.038695217927281866,0.46662614128862945,3.551861891787397,7.611793634147062
703,0.44935001867098956,0.48190705876134826,0.46562853871616894,0.0325570400903587,0.46562853871616894,3.4820166350506057,7.478099698637936
704,0.4316662027617789,0.45790770400084124,0.4447869533813101,0.026241501239062326,0.4447869533813101,3.383086620704961,7.606083305695985
705,0.45236261444451314,0.46070018833127213,0.4565314013878926,0.008337573886758987,0.4565314013878926,3.6214333360070197,7.932495607087635
706,0.4472614716523074,0.5226412194868769,0.4849513455695922,0.07537974783456952,0.4849513455695922,3.8931939668585533,8.028009412543978
707,0.46819804679697286,0.5354980232530842,0.5018480350250285,0.0672999764561113,0.5018480350250285,4.036119545974244,8.042513399047088
708,0.4835890969121796,0.5081171411903119,0.49585311905124574,0.02452804427813232,0.49585311905124574,4.287701300435435,8.64711975320318
709,0.4687109267843347,0.45024954901967046,0.45948023790200254,0.018461377764664222,0.45948023790200254,4.305377130802359,9.370102946017465
710,0.5385737303459781,0.4639401329566966,0.5012569316513373,0.07463359738928149,0.5012569316513373,3.7330954234528306,7.447468928069577
711,0.5390395931327595,0.4755071002125315,0.5072733466726456,0.063532492920228,0.5072733466726456,3.6226400785726485,7.141396452887985
712,0.5037636541920886,0.5220082589030162,0.5128859565475523,0.018244604710927592,0.5128859565475523,3.6810088208677874,7.177051299369126
713,0.4908734500441588,0.5367551292199748,0.5138142896320668,0.04588167917581604,0.5138142896320668,3.6655245924887407,7.133948328127576
714,0.4572871308680926,0.5731866522056176,0.515236891536855,0.11589952133752501,0.515236891536855,3.7781138845201667,7.332770511154124
715,0.44752182859291895,0.5211056489729037,0.4843137387829113,0.07358382037998473,0.4843137387829113,3.761552340109308,7.766767776528813
716,0.48939850359582804,0.5109756834134673,0.5001870935046477,0.02157717981763929,0.5001870935046477,3.707814343065039,7.412854892127651
717,0.5305522752282251,0.5020566757827308,0.516304475505478,0.02849559944549429,0.516304475505478,3.812310845698391,7.383842338314076
718,0.4884582608587135,0.5354348542517001,0.5119465575552068,0.0469765933929866,0.5119465575552068,3.46722081740717,6.772622583819748
719,0.4857924443869426,0.5353883982393838,0.5105904213131631,0.0495959538524412,0.5105904213131631,3.4174641821646503,6.693161562599308
720,0.49028297898618933,0.5351950865144018,0.5127390327502956,0.04491210752821251,0.5127390327502956,3.462838560520165,6.7536082477391
721,0.5240491725942488,0.47131661405205894,0.49768289332315385,0.052732558542189834,0.49768289332315385,3.8224403733664993,7.6804737005186245
722,0.5118312127600494,0.48840004736850356,0.5001156300642765,0.023431165391545827,0.5001156300642765,4.160655275343825,8.31938660827114
723,0.5676637933523461,0.49236797650763775,0.5300158849299919,0.07529581684470832,0.5300158849299919,5.086484032645215,9.596852051551386
724,0.5548288895110386,0.44234076312785026,0.49858482631944445,0.11248812638318834,0.49858482631944445,5.03654466528189,10.101680595580268
725,0.5747692013521009,0.44519743257770544,0.5099833169649032,0.1295717687743954,0.5099833169649032,5.43469424604704,10.656611824855151
726,0.5276002826094899,0.4265208618301327,0.4770605722198113,0.10107942077935717,0.4770605722198113,5.362216236392011,11.240116137540092
727,0.5175586414552721,0.4527821630083068,0.4851704022317894,0.06477647844696527,0.4851704022317894,5.134659216322742,10.583207864089093
728,0.5142407647607004,0.46161346888969024,0.4879271168251953,0.052627295871010116,0.4879271168251953,5.42968433700533,11.12806431488121
729,0.4966881618983936,0.45577259549172944,0.4762303786950615,0.04091556640666416,0.4762303786950615,5.186528177193919,10.89079657498066
730,0.5433977540971071,0.4768976587354033,0.5101477064162552,0.06650009536170381,0.5101477064162552,4.17169823097218,8.177432101533906
731,0.5140016936794131,0.5038494171032648,0.508925555391339,0.010152276576148256,0.508925555391339,4.775833469006598,9.38414944664002
732,0.4710282672071767,0.4893958961571439,0.48021208168216034,0.018367628949967185,0.48021208168216034,3.3764339569989112,7.031130797816294
733,0.4423019066498033,0.46479905548379075,0.453550481066797,0.022497148833987457,0.453550481066797,3.793851601574306,8.364783546587317
734,0.47318076032795375,0.461697765894857,0.4674392631114054,0.01148299443309675,0.4674392631114054,4.80271379364773,10.274519435272799
735,0.4429335988734652,0.4400820187651186,0.44150780881929186,0.002851580108346574,0.44150780881929186,4.705412241934692,10.657596871317415
736,0.44721826468768794,0.49174326541274316,0.4694807650502155,0.04452500072505522,0.4694807650502155,4.558860920243211,9.71043173569762
737,0.4390095633264344,0.46673558470159715,0.4528725740140158,0.027726021375162724,0.4528725740140158,4.140085847880384,9.141833896420174
738,0.4660551527943566,0.46897854819491136,0.467516850494634,0.0029233954005547513,0.467516850494634,4.318490662683206,9.237080242378926
739,0.47178736559421575,0.47880723970918787,0.4752973026517018,0.0070198741149721244,0.4752973026517018,4.559336413290807,9.592598964593519
740,0.4688886049682344,0.49055612563143963,0.47972236529983703,0.02166752066320521,0.47972236529983703,3.582326622076529,7.467499706496895
741,0.4675812360297232,0.5135011219646615,0.4905411789971923,0.04591988593493829,0.4905411789971923,3.4570656973323,7.047452579617352
742,0.48215894409347876,0.5081953502734611,0.49517714718346995,0.02603640617998232,0.49517714718346995,3.2785408777982097,6.6209454463847965
743,0.4805778070378856,0.46597779190780764,0.47327779947284665,0.01460001513007797,0.47327779947284665,3.375462605766211,7.132095799815498
744,0.485066276306338,0.5154103140383899,0.500238295172364,0.03034403773205191,0.500238295172364,3.600354417778973,7.197278682029775
745,0.47335741723573366,0.5238708886590623,0.49861415294739797,0.050513471423328626,0.49861415294739797,3.6333651893975576,7.286927512827468
746,0.4954153017081943,0.5359826666524029,0.5156989841802986,0.040567364944208595,0.5156989841802986,4.08320295305155,7.917802978692665
747,0.4810469842549873,0.5275843709175136,0.5043156775862505,0.046537386662526325,0.5043156775862505,3.87586868335836,7.68540193298966
748,0.483212709600314,0.5332899004609076,0.5082513050306108,0.050077190860593646,0.5082513050306108,3.886874531028648,7.647544615344471
749,0.48961778518527554,0.5173140795220301,0.5034659323536528,0.02769629433675458,0.5034659323536528,4.1800035339771755,8.30245556921017
750,0.4873978633580604,0.5098702467181067,0.49863405503808356,0.022472383360046255,0.49863405503808356,4.2345364071537945,8.492272768714882
751,0.49089228529882467,0.5537672533070334,0.522329769302929,0.06287496800820869,0.522329769302929,3.5949703500975776,6.882568372266464
752,0.47649653620390425,0.5468510058985883,0.5116737710512462,0.07035446969468401,0.5116737710512462,3.7151405849548707,7.26076026395104
753,0.5173212438349553,0.5383359702722128,0.527828607053584,0.021014726437257547,0.527828607053584,3.807642354530554,7.2137855047026855
754,0.4832112024302932,0.5405086942354752,0.5118599483328842,0.05729749180518201,0.5118599483328842,3.780625396037061,7.386054346214173
755,0.49172736544817874,0.5288590957598448,0.5102932306040118,0.037131730311666056,0.5102932306040118,3.5887931167815026,7.032805652807906
756,0.4925738491735783,0.5151810170070845,0.5038774330903314,0.022607167833506192,0.5038774330903314,3.6270093620693675,7.198197664508512
757,0.4779703351761058,0.5440913368095955,0.5110308359928507,0.06612100163348972,0.5110308359928507,3.5342940335604296,6.916009337663284
758,0.49623567576147076,0.5578761850443279,0.5270559304028993,0.06164050928285714,0.5270559304028993,3.8564826474589746,7.317027330497826
759,0.5051179679174935,0.5345011743610203,0.519809571139257,0.029383206443526766,0.519809571139257,3.5721084434193577,6.871955888750633
760,0.49946888118919097,0.5023057421846152,0.500887311686903,0.0028368609954242396,0.500887311686903,3.6085779060942103,7.204370767430972
761,0.5038133246727783,0.5095067840915899,0.5066600543821841,0.005693459418811608,0.5066600543821841,3.9789488286561734,7.8532909674674505
762,0.49179538977501946,0.5059129007817748,0.4988541452783971,0.01411751100675529,0.4988541452783971,3.924921932016574,7.867874746888553
763,0.49726483555288215,0.4782865155908156,0.48777567557184887,0.01897831996206656,0.48777567557184887,3.8968855249605623,7.989093593877981
764,0.4977981410711211,0.5527333022804739,0.5252657216757974,0.05493516120935282,0.5252657216757974,2.8926568378993855,5.507035236700217
765,0.562516161238296,0.499552116352822,0.5310341387955589,0.06296404488547397,0.5310341387955589,3.2933693046811108,6.201803357032407
766,0.5381870841818274,0.5253664655850387,0.531776774883433,0.012820618596788624,0.531776774883433,3.652936851821863,6.869304987271392
767,0.5467882157870129,0.5765945477040815,0.5616913817455471,0.029806331917068607,0.5616913817455471,3.7608858442547115,6.695644559414724
768,0.5851165033686634,0.5623234981646272,0.5737200007666453,0.022793005204036154,0.5737200007666453,3.8298873079160582,6.675533889002112
769,0.5712596574123026,0.5441216730554754,0.557690665233889,0.027137984356827127,0.557690665233889,3.3749633069563534,6.051676166286436
770,0.5590001641273705,0.5331707345200848,0.5460854493237277,0.025829429607285737,0.5460854493237277,3.5818673684531004,6.559170131503935
771,0.5679548917086108,0.5295625066638923,0.5487586991862515,0.038392385044718536,0.5487586991862515,3.9591560357114797,7.214748561767623
772,0.5527726795859212,0.5163303979710174,0.5345515387784694,0.036442281614903815,0.5345515387784694,4.378673866107619,8.191303454319012
773,0.5535555897716254,0.5398127450311222,0.5466841674013738,0.013742844740503246,0.5466841674013738,4.2621823722071115,7.796425479938639
774,0.5605335303570612,0.5268931516148664,0.5437133409859638,0.03364037874219483,0.5437133409859638,4.697691613465519,8.640015352477423
775,0.5361272695863054,0.46682681019799477,0.5014770398921501,0.06930045938831064,0.5014770398921501,4.958794458972631,9.888377860807129
776,0.558487223582488,0.5176702355972316,0.5380787295898598,0.04081698798525646,0.5380787295898598,4.207603079462139,7.819679255244495
777,0.5758859493502201,0.5305047281993319,0.553195338774776,0.04538122115088816,0.553195338774776,4.380151375367183,7.917910850565729
778,0.5691862083385869,0.5267791072896232,0.547982657814105,0.042407101048963725,0.547982657814105,4.405351662543429,8.039217299533371
779,0.5678361022737825,0.4659556267098424,0.5168958644918125,0.10188047556394003,0.5168958644918125,3.82767284206071,7.405114076166766
780,0.5659504118602314,0.49268131464582354,0.5293158632530275,0.07326909721440789,0.5293158632530275,4.511828631126871,8.52388704808209
781,0.5196932825611897,0.4515441519269847,0.48561871724408723,0.06814913063420502,0.48561871724408723,3.5488651618120435,7.307924995049712
782,0.5412440724168054,0.5003663843136104,0.5208052283652078,0.04087768810319503,0.5208052283652078,3.562349056274875,6.8400792892517295
783,0.5678696324591008,0.5047999101586851,0.536334771308893,0.06306972230041574,0.536334771308893,4.104367669102657,7.652622743601338
784,0.5586869254559438,0.5031564919162315,0.5309217086860876,0.05553043353971232,0.5309217086860876,3.506738133161042,6.605000465773823
785,0.4924294010134888,0.4946284485551289,0.4935289247843089,0.0021990475416400757,0.4935289247843089,3.490798316414239,7.07313825210924
786,0.5305319003450079,0.481406706261891,0.5059693033034495,0.04912519408311683,0.5059693033034495,3.143031446590189,6.211901445541234
787,0.5580074497784596,0.49803022725577545,0.5280188385171175,0.05997722252268417,0.5280188385171175,3.1904678022387962,6.04233707115237
788,0.5343887181707264,0.48863302293485694,0.5115108705527917,0.045755695235869476,0.5115108705527917,3.659411722613116,7.154123075934587
789,0.5262910356202333,0.5041094847637676,0.5152002601920005,0.02218155085646567,0.5152002601920005,3.512809090031701,6.818337181589499
790,0.5236619190858304,0.483079503163372,0.5033707111246012,0.04058241592245837,0.5033707111246012,3.2298341058067184,6.416412465856055
791,0.5540282520778648,0.5255326290254642,0.5397804405516644,0.02849562305240061,0.5397804405516644,3.4082385414867535,6.314120122625188
792,0.5476956652385698,0.5647686118884976,0.5562321385635337,0.017072946649927756,0.5562321385635337,3.5859323197676343,6.4468269112034475
793,0.5614392288645418,0.5130264550312482,0.537232841947895,0.048412773833293565,0.537232841947895,4.119427567119052,7.667862508522117
794,0.4935224674849928,0.5019594111674751,0.497740939326234,0.008436943682482323,0.497740939326234,4.597163469888775,9.236056564106855
795,0.4987564978200971,0.5269517990749605,0.5128541484475289,0.02819530125486336,0.5128541484475289,4.734443087480516,9.23155852753116
796,0.5186127560106415,0.47335663402238587,0.49598469501651365,0.045256121988255626,0.49598469501651365,4.179011163129244,8.42568572199613
797,0.5267264855941162,0.5093861909682442,0.5180563382811803,0.017340294625871944,0.5180563382811803,4.098733948519274,7.911753308758178
798,0.5195687222657659,0.5256476234871359,0.5226081728764509,0.006078901221370003,0.5226081728764509,3.845508382566096,7.358301270721244
799,0.4855943517826229,0.45275489533692964,0.46917462355977624,0.03283945644569325,0.46917462355977624,3.8011210712581907,8.101719232847428
800,0.46761480890362367,0.46410198015690696,0.46585839453026534,0.003512828746716712,0.46585839453026534,3.791657678204204,8.139077717011864
801,0.47882840030501794,0.4880700214257876,0.48344921086540277,0.00924162112076965,0.48344921086540277,3.7608978634522807,7.7793029317806734
802,0.5055847433456953,0.4993982720089684,0.5024915076773319,0.00618647133672684,0.5024915076773319,3.625066582786384,7.214184772082102
803,0.5138193839313583,0.48639628739534746,0.5001078356633528,0.027423096536010827,0.5001078356633528,3.815845779375312,7.630045976612023
804,0.5183464461184506,0.5061129754703572,0.5122297107944038,0.012233470648093436,0.5122297107944038,3.622238572737048,7.071512050949586
805,0.49893798002873146,0.4954429898987722,0.49719048496375184,0.003494990129959241,0.49719048496375184,4.198356240250494,8.444160472130875
806,0.555805610348663,0.5622528301375791,0.5590292202431211,0.006447219788916048,0.5590292202431211,3.1050667917239827,5.554390860595075
807,0.539091569457719,0.47175980593209565,0.5054256876949073,0.06733176352562331,0.5054256876949073,2.924255296032448,5.7857274911552015
808,0.5085294334235162,0.5016526248576874,0.5050910291406018,0.00687680856582884,0.5050910291406018,2.8898238286005555,5.721392109294655
809,0.5034450866971302,0.5347928495517039,0.519118968124417,0.031347762854573746,0.519118968124417,2.833194577029313,5.457698044179889
810,0.4886446220893149,0.5128019505337688,0.5007232863115418,0.02415732844445384,0.5007232863115418,2.74948318023513,5.491023196641281
811,0.5066941204722827,0.5434443079315139,0.5250692142018982,0.0367501874592312,0.5250692142018982,4.027793464982019,7.670976237112356
812,0.4969713538304288,0.5027794999718704,0.4998754269011496,0.00580814614144165,0.4998754269011496,4.296053708896764,8.59424864216482
813,0.5111750657233761,0.531158586477954,0.521166826100665,0.019983520754577877,0.521166826100665,4.321663144995538,8.292283638484687
814,0.4981816686015701,0.4791452184976455,0.4886634435496078,0.019036450103924574,0.4886634435496078,4.320527735481696,8.84152025798731
815,0.5086321613430487,0.4853659999481332,0.49699908064559095,0.023266161394915497,0.49699908064559095,4.37454655497574,8.801920819035116
816,0.4680718170536255,0.4973912247852096,0.4827315209194175,0.02931940773158409,0.4827315209194175,4.517745729634604,9.358712936395865
817,0.4727187259805549,0.4782957101329049,0.4755072180567299,0.005576984152349973,0.4755072180567299,4.294475630857505,9.031357396440525
818,0.4857632957882663,0.5004279726532095,0.4930956342207379,0.01466467686494316,0.4930956342207379,4.421356071235465,8.966528527924893
819,0.5005868262842269,0.49982077800708047,0.5002038021456536,0.0007660482771464361,0.5002038021456536,4.828370118006326,9.652805710981701
820,0.4766604685141744,0.4721284422819439,0.47439445539805913,0.004532026232230479,0.47439445539805913,4.856497296177289,10.237255602201877
821,0.4793382204811621,0.48678367645408444,0.48306094846762326,0.0074454559729223435,0.48306094846762326,5.080694079956328,10.517708160995873
822,0.5092235108987695,0.5394081724790863,0.524315841688928,0.03018466158031685,0.524315841688928,4.34024366890449,8.27791823898298
823,0.5409934470206195,0.5493774019307225,0.545185424475671,0.00838395491010302,0.545185424475671,4.2877160032932755,7.864693021492573
824,0.5211813474651105,0.5265907435541255,0.5238860455096179,0.005409396089015028,0.5238860455096179,4.419305161885909,8.435622975196761
825,0.5419842226653498,0.5233752622270486,0.5326797424461992,0.018608960438301292,0.5326797424461992,4.305592049708962,8.08289053744864
826,0.534835555825751,0.5233439011915615,0.5290897285086562,0.011491654634189552,0.5290897285086562,4.450687547474397,8.411971179292287
827,0.5421124429803508,0.5114234069357976,0.5267679249580741,0.030689036044553197,0.5267679249580741,4.507782848682393,8.557436083529899
828,0.5286326641283705,0.5139998691487528,0.5213162666385617,0.01463279497961767,0.5213162666385617,4.258847770193742,8.169412778263604
829,0.5373204538519288,0.5469091793903808,0.5421148166211548,0.009588725538451914,0.5421148166211548,4.181362002818359,7.713056117668176
830,0.5281566858194444,0.5248396440783754,0.5264981649489099,0.00331704174106906,0.5264981649489099,4.1952101463848575,7.9681382114445745
831,0.5237868150914212,0.5168330255773461,0.5203099203343837,0.006953789514075104,0.5203099203343837,4.286192403517135,8.237767984055656
832,0.504611555078301,0.5092964838218096,0.5069540194500552,0.004684928743508565,0.5069540194500552,4.510715332444465,8.89768136632529
833,0.5087615478826295,0.49626373003705543,0.5025126389598424,0.012497817845574077,0.5025126389598424,4.435604727679232,8.826852070548014
834,0.5348199572257065,0.45809429646088323,0.4964571268432949,0.07672566076482329,0.4964571268432949,4.436236293345328,8.93578932294311
835,0.5242136163213863,0.4714914131337667,0.4978525147275765,0.05272220318761961,0.4978525147275765,4.619358887510465,9.27856895538263
836,0.537417767570709,0.45879671653178633,0.4981072420512477,0.0786210510389227,0.4981072420512477,4.268072423938831,8.568581348792577
837,0.5453002866791267,0.42866909926728386,0.48698469297320524,0.11663118741184281,0.48698469297320524,4.189233763285446,8.602393101328845
838,0.5574453154700154,0.4084982797236565,0.48297179759683595,0.14894703574635892,0.48297179759683595,4.224977779220908,8.747876791654278
839,0.5347833364566364,0.4097538983229115,0.472268617389774,0.12502943813372497,0.472268617389774,4.19217263604372,8.87666993249273
840,0.5297166606311923,0.41608370677334,0.47290018370226616,0.11363295385785227,0.47290018370226616,4.1078557560121975,8.686517573015932
841,0.5355670643581891,0.4711650358738144,0.5033660501160018,0.06440202848437471,0.5033660501160018,3.8427486062726075,7.634103661514395
842,0.5341404568049439,0.46422286374726296,0.49918166027610344,0.06991759305768097,0.49918166027610344,3.7221938235246066,7.456591697430984
843,0.5301583020461061,0.4960181929376385,0.5130882474918723,0.03414010910846765,0.5130882474918723,3.6410203078614134,7.0962847534703855
844,0.5654356884691181,0.5095060210013651,0.5374708547352416,0.055929667467752964,0.5374708547352416,3.991586623792616,7.42661037082443
845,0.5609626811202527,0.5209034815033773,0.540933081311815,0.04005919961687543,0.540933081311815,4.03960216671847,7.467840859209506
846,0.5596469183151874,0.5369016527220678,0.5482742855186276,0.022745265593119623,0.5482742855186276,4.317780397390517,7.875219596166563
847,0.5724997561849647,0.5343516281447113,0.553425692164838,0.03814812804025347,0.553425692164838,4.149889668295016,7.498548995912843
848,0.5685039960303737,0.5275610546572911,0.5480325253438324,0.04094294137308263,0.5480325253438324,4.360060784898398,7.955843099208247
849,0.5796309475634461,0.5138115729768356,0.5467212602701408,0.06581937458661058,0.5467212602701408,3.9140893553104057,7.159204588781517
850,0.5726366079138294,0.538866382288216,0.5557514951010227,0.03377022562561338,0.5557514951010227,3.739296234181572,6.728360188220194
851,0.5828289235317176,0.5116669526280616,0.5472479380798896,0.07116197090365595,0.5472479380798896,4.191447610503632,7.659138242183284
852,0.5662112571947112,0.48277685847818264,0.524494057836447,0.08343439871652858,0.524494057836447,4.175963852550614,7.961889730031614
853,0.5680392965556817,0.5264459883423005,0.5472426424489911,0.04159330821338125,0.5472426424489911,4.111071762511722,7.512338117720638
854,0.5691366398813216,0.5442256224753226,0.5566811311783221,0.024911017405998992,0.5566811311783221,4.088105316317871,7.343710945734077
855,0.548714679915204,0.5199782384204682,0.5343464591678361,0.028736441494735754,0.5343464591678361,3.9307799249854267,7.356238368467947
856,0.5542933605793937,0.49447229908494905,0.5243828298321713,0.05982106149444466,0.5243828298321713,3.8946240886203944,7.427062571569837
857,0.557753953383649,0.44559573331057395,0.5016748433471114,0.11215822007307502,0.5016748433471114,3.7956469804693493,7.565950397562832
858,0.549002558695611,0.47876681987972186,0.5138846892876664,0.07023573881588913,0.5138846892876664,3.7713791559993197,7.338959954668249
859,0.5647958047263741,0.45009656342702953,0.5074461840767018,0.11469924129934461,0.5074461840767018,3.9502427689255057,7.784555077723111
860,0.562845728446713,0.44583528479870155,0.5043405066227072,0.11701044364801144,0.5043405066227072,4.221484541924376,8.370306343611682
861,0.5474544313983436,0.44635793940344326,0.49690618540089343,0.10109649199490034,0.49690618540089343,4.5203052159779,9.096898667765654
862,0.5700131965152297,0.44872065265679834,0.5093669245860141,0.12129254385843141,0.5093669245860141,4.247692798926453,8.33916101321017
863,0.6117323253770287,0.42775463408114256,0.5197434797290856,0.18397769129588615,0.5197434797290856,4.439510929091729,8.541734725379927
864,0.6083431301558387,0.4788079845152777,0.5435755573355582,0.12953514564056107,0.5435755573355582,4.500276517607752,8.279026635536624
865,0.5857666368591344,0.4744785336283396,0.530122585243737,0.11128810323079485,0.530122585243737,4.5563346238742675,8.59486984841323
866,0.6028536531248794,0.501005504714632,0.5519295789197557,0.10184814841024736,0.5519295789197557,5.1860301821673165,9.39618092641001
867,0.6041447584448907,0.5017649083794102,0.5529548334121505,0.10237985006548045,0.5529548334121505,4.774440153410304,8.634412550385697
868,0.5606848898503596,0.5196378371434023,0.5401613634968809,0.0410470527069573,0.5401613634968809,4.17528459187971,7.729698704938603
869,0.561382089191259,0.4823728905575487,0.5218774898744039,0.07900919863371031,0.5218774898744039,4.237930883889882,8.120547381550775
870,0.5574780261921505,0.4635115610581303,0.5104947936251404,0.09396646513402018,0.5104947936251404,4.695667113140163,9.198266410897467
871,0.5589511987588536,0.45981176681432345,0.5093814827865886,0.09913943194453012,0.5093814827865886,4.223268582177288,8.290973906381039
872,0.5581526394702584,0.4762920159353154,0.5172223277027869,0.081860623534943,0.5172223277027869,4.419221475432627,8.544142893173897
873,0.5523834274485777,0.49490960162225517,0.5236465145354164,0.057473825826322544,0.5236465145354164,4.3045230919740565,8.220284051337696
874,0.5678902299340771,0.5019543854340796,0.5349223076840783,0.06593584449999756,0.5349223076840783,4.501143711994955,8.414574691196655
875,0.5306322666307085,0.4954863210306261,0.5130592938306673,0.035145945600082384,0.5130592938306673,4.579574143094226,8.926013422155632
876,0.5741369814629623,0.4886004656178838,0.5313687235404231,0.08553651584507854,0.5313687235404231,4.38206988199059,8.246759148324678
877,0.5920846277995628,0.48278291481775015,0.5374337713086565,0.10930171298181268,0.5374337713086565,4.244931845794638,7.89852084556984
878,0.5492729136820932,0.4693508149005487,0.5093118642913209,0.07992209878154449,0.5093118642913209,4.105804759225215,8.06147479980309
879,0.5873230274280556,0.4955422534127199,0.5414326404203877,0.09178077401533574,0.5414326404203877,4.135888495849886,7.638786779900513
880,0.5838988938607287,0.5130808731310709,0.5484898834958998,0.07081802072965782,0.5484898834958998,4.1406195970500095,7.549126650539148
881,0.537912063608643,0.49495535666793017,0.5164337101382865,0.0429567069407128,0.5164337101382865,4.305730934180378,8.337431987209788
882,0.5676320305039251,0.47775538651498656,0.5226937085094558,0.08987664398893852,0.5226937085094558,4.408362753538846,8.433931156565846
883,0.5541716931058429,0.48106883846510834,0.5176202657854756,0.07310285464073457,0.5176202657854756,4.196394968342013,8.107091715147765
884,0.5549873283040381,0.5211823360327401,0.5380848321683891,0.03380499227129796,0.5380848321683891,4.1429205562659295,7.699381786270901
885,0.5521733539109446,0.5192434164153575,0.535708385163151,0.032929937495587036,0.535708385163151,4.194321607131537,7.829486570112484
886,0.5571194209319656,0.4903464721158365,0.5237329465239011,0.06677294881612916,0.5237329465239011,4.22767361505317,8.072193363264452
887,0.5550832180794737,0.46462856393969965,0.5098558910095867,0.09045465413977405,0.5098558910095867,4.264270147191715,8.36367731036285
888,0.5332501419282691,0.4605335510526238,0.4968918464904465,0.07271659087564536,0.4968918464904465,4.243300925284699,8.539687167851895
889,0.5365839312282298,0.4562753005114224,0.4964296158698261,0.08030863071680738,0.4964296158698261,4.092047143079472,8.242955319878599
890,0.5502012572798329,0.4430730612006254,0.49663715924022916,0.10712819607920754,0.49663715924022916,4.207184993175054,8.471345558619365
891,0.5572510045057335,0.44641746946528693,0.5018342369855102,0.11083353504044657,0.5018342369855102,4.1223132715349164,8.214491893373832
892,0.538745420975882,0.4824811546768897,0.5106132878263858,0.05626426629899228,0.5106132878263858,4.096825976006308,8.023343837066916
893,0.5936933483830631,0.4489372507490061,0.5213152995660346,0.144756097634057,0.5213152995660346,4.062293651259467,7.792392923516912
894,0.5940983453876546,0.4735737827421471,0.5338360640649009,0.12052456264550748,0.5338360640649009,4.0505575129474725,7.587643071740892
895,0.5725718608553979,0.48686029201228687,0.5297160764338424,0.08571156884311104,0.5297160764338424,4.085776197225947,7.713143661284046
896,0.5999702579726534,0.49035521181995173,0.5451627348963025,0.10961504615270162,0.5451627348963025,4.183169406337207,7.6732489925836616
897,0.5866529769255701,0.4886262629634737,0.5376396199445219,0.09802671396209633,0.5376396199445219,3.9946686375998364,7.430011646113504
898,0.5880682767672598,0.5018417289127965,0.5449550028400282,0.08622654785446326,0.5449550028400282,4.3628585141904805,8.005905976554912
899,0.5891736811704243,0.4951152420124336,0.542144461591429,0.09405843915799073,0.542144461591429,4.286737031456659,7.907001427024132
900,0.5793484469591963,0.49567559145333406,0.5375120192062652,0.08367285550586223,0.5375120192062652,4.289948061752749,7.981120251204134
901,0.560200263721889,0.5349832934513967,0.5475917785866429,0.0252169702704923,0.5475917785866429,4.671607638451722,8.531186590327078
902,0.5493039268142136,0.5209473086867561,0.5351256177504848,0.02835661812745749,0.5351256177504848,4.752530800678654,8.88114985161229
903,0.5576004388198308,0.5515176705142906,0.5545590546670607,0.00608276830554022,0.5545590546670607,5.547133192613867,10.002781752331474
904,0.5598258361683442,0.5325288499613903,0.5461773430648673,0.027296986206953977,0.5461773430648673,4.891399225432994,8.955697792195055
905,0.5920938101366795,0.5520055189877046,0.572049664562192,0.04008829114897494,0.572049664562192,4.662233510959024,8.150050248744018
906,0.5973197548981686,0.5287789277985002,0.5630493413483344,0.06854082709966836,0.5630493413483344,4.58760592295141,8.147786678811256
907,0.5750049678160384,0.49480136185039264,0.5349031648332155,0.08020360596564574,0.5349031648332155,4.370847417229742,8.171287262045992
908,0.5684474756485035,0.5384447412496605,0.553446108449082,0.030002734398843045,0.553446108449082,5.557510266366558,10.041646659943689
909,0.5789562632708305,0.5204672764659506,0.5497117698683905,0.058488986804879906,0.5497117698683905,5.344117703753296,9.721672332089161
910,0.540631505632921,0.5283670257726926,0.5344992657028067,0.012264479860228383,0.5344992657028067,5.142703386553359,9.621534988998123
911,0.5470532299653696,0.5210113088479728,0.5340322694066713,0.026041921117396893,0.5340322694066713,4.896212181930418,9.168382628582131
912,0.5581120000311022,0.5175704339825219,0.5378412170068121,0.04054156604858028,0.5378412170068121,4.837367657855114,8.994044161910793
913,0.5775411928444092,0.5182237318764635,0.5478824623604364,0.05931746096794566,0.5478824623604364,4.396094229659691,8.023790742853938
914,0.5626750824354745,0.5248808525773638,0.5437779675064192,0.03779422985811065,0.5437779675064192,4.1676398107588115,7.664230733492551
915,0.5240637380802858,0.5454167857855953,0.5347402619329406,0.021353047705309436,0.5347402619329406,4.042127158268927,7.559047720958464
916,0.5188386586963832,0.5354122879195876,0.5271254733079854,0.016573629223204378,0.5271254733079854,4.403834880084607,8.354433817148433
917,0.5247467497560242,0.5653751069371431,0.5450609283465837,0.0406283571811189,0.5450609283465837,4.425491476883318,8.119260153737004
918,0.5285766122601593,0.5088175613389976,0.5186970867995784,0.019759050921161703,0.5186970867995784,4.34941925176691,8.385277963682686
919,0.5171517974596866,0.5156078460988286,0.5163798217792577,0.0015439513608580535,0.5163798217792577,4.26912300736599,8.267408654071996
920,0.5430752872818905,0.5028860627005958,0.5229806749912431,0.0401892245812947,0.5229806749912431,5.166489119874405,9.878929312179487
921,0.5176457929043177,0.5225490501516599,0.5200974215279888,0.0049032572473421965,0.5200974215279888,5.113428090249868,9.831673603047639
922,0.5361197332015424,0.52253721338742,0.5293284732944812,0.013582519814122396,0.5293284732944812,4.455322967867017,8.416934271715228
923,0.5729516789849639,0.5250741436261016,0.5490129113055328,0.0478775353588623,0.5490129113055328,4.574438207286031,8.332114077988043
924,0.5730633486991741,0.568127827031926,0.57059558786555,0.004935521667248088,0.57059558786555,4.586135963389382,8.037454303747644
925,0.5600169685645682,0.5620890132034444,0.5610529908840063,0.002072044638876225,0.5610529908840063,5.079503533318085,9.053518323313307
926,0.5394360006516351,0.5278673907765135,0.5336516957140742,0.01156860987512165,0.5336516957140742,5.14460458566966,9.64037897187924
927,0.5471214756244344,0.5695770704292502,0.5583492730268422,0.022455594804815848,0.5583492730268422,4.676688348312691,8.375919114141773
928,0.5406571290293453,0.5622272994608294,0.5514422142450873,0.021570170431484126,0.5514422142450873,4.733177330823503,8.583269848687813
929,0.5541987351194029,0.530238420459805,0.5422185777896039,0.023960314659597914,0.5422185777896039,4.801866668933492,8.855961167005148
930,0.549229237659712,0.511610437694952,0.5304198376773319,0.03761879996476003,0.5304198376773319,4.261976131951274,8.03509942353239
931,0.5678757101338215,0.48732859269928175,0.5276021514165516,0.0805471174345398,0.5276021514165516,4.534576871875288,8.594689880813537
932,0.5495938057573252,0.5322609056436168,0.540927355700471,0.01733290011370836,0.540927355700471,4.465795354011034,8.255813478370078
933,0.5381723759473864,0.5603894835939103,0.5492809297706484,0.022217107646523848,0.5492809297706484,4.5937344108466895,8.363178406293477
934,0.5711826339206418,0.5508671486493197,0.5610248912849808,0.020315485271322098,0.5610248912849808,4.573953119245544,8.15285237838429
935,0.5831706550518608,0.5088187914541107,0.5459947232529858,0.07435186359775015,0.5459947232529858,5.212993326690417,9.54769909795444
936,0.5480173675826333,0.5437252489178769,0.5458713082502551,0.004292118664756428,0.5458713082502551,5.009629236560104,9.177308205881076
937,0.5931051029236533,0.5249341490471757,0.5590196259854145,0.06817095387647754,0.5590196259854145,4.55905918435874,8.155454607380262
938,0.5161903592702508,0.5679698796692556,0.5420801194697532,0.0517795203990048,0.5420801194697532,4.547481418537148,8.388947048981175
939,0.522174954485718,0.49377298968832806,0.5079739720870231,0.02840196479738999,0.5079739720870231,4.878501832416739,9.603842126739877
940,0.5363335101708431,0.5137278928167811,0.525030701493812,0.02260561735406197,0.525030701493812,4.656281310306089,8.868588631213536
941,0.5322160877642962,0.5582229347737584,0.5452195112690272,0.02600684700946221,0.5452195112690272,5.246203326252063,9.622185592810586
942,0.5502772884608501,0.541887821544981,0.5460825550029156,0.00838946691586906,0.5460825550029156,4.9240487805221,9.01704098658821
943,0.6077454144392712,0.5430968794049058,0.5754211469220885,0.0646485350343654,0.5754211469220885,4.344665592399533,7.550410018191071
944,0.6125002626357472,0.5290150789161773,0.5707576707759623,0.08348518371956992,0.5707576707759623,4.570184042025451,8.00722316322468
945,0.6271677291370115,0.5250993676484599,0.5761335483927357,0.10206836148855158,0.5761335483927357,4.613209092822388,8.007187058785336
946,0.6272828680618161,0.5347733935751212,0.5810281308184686,0.09250947448669489,0.5810281308184686,4.670117799782366,8.037679334396044
947,0.5643764582570714,0.5155373015018068,0.5399568798794391,0.04883915675526462,0.5399568798794391,5.043394308427246,9.340364937202631
948,0.5821024086757041,0.5710655534877144,0.5765839810817093,0.011036855187989691,0.5765839810817093,5.231434281718044,9.073152313221625
949,0.5568864662423066,0.5732643568696499,0.5650754115559783,0.016377890627343294,0.5650754115559783,5.2779210510001295,9.340206533614639
950,0.563988758437815,0.5563886299917176,0.5601886942147662,0.007600128446097476,0.5601886942147662,5.415603688006001,9.667463381418683
951,0.5588521848736393,0.5668944836038284,0.5628733342387339,0.008042298730189135,0.5628733342387339,5.067382040673163,9.002704040912892
952,0.5472997091403697,0.5747294466595221,0.5610145778999459,0.027429737519152342,0.5610145778999459,4.893734955240332,8.723008542058073
953,0.5066819162644947,0.5991326646522911,0.5529072904583929,0.09245074838779643,0.5529072904583929,4.760013289835686,8.609062264108243
954,0.5328623518017067,0.6418201542681773,0.587341253034942,0.10895780246647058,0.587341253034942,4.869208670118766,8.290254847515518
955,0.5468087574524981,0.6253450890954163,0.5860769232739572,0.07853633164291818,0.5860769232739572,5.155179524987952,8.796080037053775
956,0.551922407734792,0.5599227653968448,0.5559225865658184,0.00800035766205287,0.5559225865658184,4.896843526440395,8.80849896150178
957,0.5660926429116547,0.5809487045625643,0.5735206737371095,0.01485606165090958,0.5735206737371095,4.692856056204667,8.182540353123834
958,0.5605202467497407,0.586706839006853,0.5736135428782969,0.026186592257112395,0.5736135428782969,4.964314160985314,8.65445773137645
959,0.5503890718215958,0.5482434199783047,0.5493162458999503,0.0021456518432910743,0.5493162458999503,5.207719401549721,9.48036662017498
960,0.5389671789830401,0.601005142818219,0.5699861609006296,0.0620379638351789,0.5699861609006296,5.047693154214037,8.855817036396509
961,0.5657366661470916,0.518732352272453,0.5422345092097722,0.04700431387463866,0.5422345092097722,4.764227451004918,8.786285952083878
962,0.5640968608004405,0.5651300408172025,0.5646134508088215,0.001033180016762003,0.5646134508088215,4.620198486395335,8.182940877120084
963,0.6317747095007534,0.5131848975102996,0.5724798035055265,0.11858981199045382,0.5724798035055265,4.6446354141327,8.113186501413166
964,0.6024968151975446,0.5162299274673804,0.5593633713324625,0.08626688773016422,0.5593633713324625,4.811388321638242,8.601543412070418
965,0.6018396582634483,0.5741924892047294,0.5880160737340889,0.02764716905871889,0.5880160737340889,4.7555662859988095,8.087476683757048
966,0.6130869159824404,0.5266834593920512,0.5698851876872457,0.08640345659038917,0.5698851876872457,4.734220345759059,8.30732303285835
967,0.5702177387764206,0.5505618711304237,0.5603898049534222,0.019655867645996916,0.5603898049534222,4.800523514498768,8.566400516329473
968,0.6014894676938436,0.6318122788255415,0.6166508732596925,0.03032281113169788,0.6166508732596925,4.001358162780919,6.48885509823289
969,0.550299098368418,0.5639112340708483,0.5571051662196331,0.013612135702430361,0.5571051662196331,4.491794384775439,8.062740497015232
970,0.5575483767818102,0.6749941079986745,0.6162712423902423,0.1174457312168643,0.6162712423902423,4.441151567443751,7.2064884128269515
971,0.5773376353750183,0.6740267809584729,0.6256822081667456,0.09668914558345465,0.6256822081667456,5.035460708701781,8.047952527618975
972,0.5927499602824069,0.6033848296722732,0.5980673949773401,0.010634869389866353,0.5980673949773401,4.609121758575617,7.706692920034956
973,0.5826664482717382,0.5385059164583832,0.5605861823650606,0.044160531813355,0.5605861823650606,4.44654502948426,7.9319561725990155
974,0.582687672079263,0.568853341542384,0.5757705068108234,0.013834330536878992,0.5757705068108234,4.52934398743594,7.86657866955334
975,0.5825556333295078,0.578934455563465,0.5807450444464863,0.00362117776604276,0.5807450444464863,4.562805401106801,7.85681332064685
976,0.5717654104324799,0.49205255571290846,0.5319089830726942,0.0797128547195714,0.5319089830726942,4.489374789893895,8.440118390104999
977,0.5421628752738048,0.5547168192774748,0.5484398472756398,0.012553944003670048,0.5484398472756398,4.358987811885626,7.947977947880303
978,0.5570418883035907,0.49084312916256023,0.5239425087330755,0.06619875914103046,0.5239425087330755,4.450961891345645,8.495134136201964
979,0.5606122681531016,0.44158361585737094,0.5010979420052363,0.11902865229573067,0.5010979420052363,4.537644504264026,9.055404390817893
980,0.5749062750076054,0.5253525422198347,0.5501294086137201,0.049553732787770643,0.5501294086137201,4.528868154215944,8.232368754159701
981,0.5795666580499029,0.5154068128984195,0.5474867354741613,0.06415984515148343,0.5474867354741613,4.434224816153717,8.099236983912265
982,0.5910275677258748,0.5375526247531182,0.5642900962394966,0.05347494297275668,0.5642900962394966,4.488216287375033,7.953739250936879
983,0.6071401589779196,0.5070649672531249,0.5571025631155222,0.10007519172479473,0.5571025631155222,4.682310169662186,8.404754312162893
984,0.6000217438779457,0.5781875545592202,0.589104649218583,0.021834189318725494,0.589104649218583,4.614782249391764,7.833552587834836
985,0.6032667508957015,0.5804169548495294,0.5918418528726155,0.0228497960461721,0.5918418528726155,4.65470936706431,7.864785743812819
986,0.6027787126363494,0.6094376513997075,0.6061081820180285,0.006658938763358102,0.6061081820180285,4.6816520785691,7.724119583704689
987,0.6071075288296927,0.5540564587891523,0.5805819938094225,0.05305107004054033,0.5805819938094225,4.753909265213172,8.188178958188038
988,0.6047272999857946,0.5374635667218716,0.5710954333538331,0.06726373326392299,0.5710954333538331,4.638243404881484,8.121660818828106
989,0.610714073534425,0.5111367405545948,0.5609254070445099,0.09957733297983018,0.5609254070445099,4.899598513116354,8.734848611925269
990,0.5972928581070854,0.5340585117490845,0.565675684928085,0.06323434635800096,0.565675684928085,4.750516638895058,8.397950920409452
991,0.5145664922301413,0.5680554798485159,0.5413109860393286,0.05348898761837462,0.5413109860393286,4.8619285482649515,8.981765886258424
992,0.5171652193194372,0.5472398876596659,0.5322025534895516,0.03007466834022876,0.5322025534895516,4.685807475095857,8.804556544067486
993,0.521466389884082,0.546420688112205,0.5339435389981435,0.024954298228123006,0.5339435389981435,4.6893961708444065,8.782569369868733
994,0.4965717793744118,0.5375402865083574,0.5170560329413846,0.040968507133945564,0.5170560329413846,4.5566164747853115,8.8126163983892
995,0.5318636678868528,0.5363660091387322,0.5341148385127925,0.004502341251879427,0.5341148385127925,4.5191454360047505,8.460999601860927
996,0.542380144964828,0.5771856165924321,0.55978288077863,0.03480547162760406,0.55978288077863,4.446860676041819,7.943902589261854
997,0.5736262579947311,0.5720863882462082,0.5728563231204696,0.0015398697485229373,0.5728563231204696,4.672424587068173,8.156363818446636
998,0.567015317161806,0.5519117407196938,0.5594635289407499,0.015103576442112132,0.5594635289407499,4.706560648808051,8.412631754064707
999,0.52800209103399,0.5401548150027113,0.5340784530183507,0.012152723968721357,0.5340784530183507,4.735252481341441,8.86621142377137
1000,0.49598242381244867,0.5010259204800857,0.4985041721462672,0.005043496667636982,0.4985041721462672,4.688434389002326,9.405005315836519
1001,0.5294310487366236,0.5154629133512558,0.5224469810439397,0.013968135385367786,0.5224469810439397,4.995171461878228,9.561106950789549
1002,0.5380115746982814,0.4925594180573242,0.5152854963778029,0.0454521566409572,0.5152854963778029,4.580676511316564,8.889589448017476
1003,0.5350558851070788,0.4727937736937908,0.5039248294004348,0.062262111413288024,0.5039248294004348,4.488169948128636,8.90642747940922
1004,0.5203743242642149,0.5189015433932224,0.5196379338287187,0.0014727808709925627,0.5196379338287187,4.552362079920225,8.76064233105191
1005,0.5523783249327626,0.5553590458217408,0.5538686853772516,0.002980720888978161,0.5538686853772516,4.204780850166946,7.591656580662222
1006,0.48716564330100315,0.5183552000910766,0.5027604216960398,0.03118955679007346,0.5027604216960398,4.288950881600506,8.53080452739681
1007,0.49166050167442754,0.49139854661443344,0.4915295241444305,0.0002619550599941012,0.4915295241444305,4.045514830405482,8.230461511843492
1008,0.5365841922146419,0.4841697702048128,0.5103769812097274,0.052414422009829154,0.5103769812097274,4.292812662151697,8.411062450302135
1009,0.5338786720978279,0.494512735612093,0.5141957038549605,0.03936593648573489,0.5141957038549605,4.30592930766866,8.374105958853434
1010,0.5442429700847549,0.5437545885334248,0.5439987793090899,0.0004883815513300194,0.5439987793090899,4.3838221019209795,8.058514593522965
1011,0.5420776002595492,0.5509453700381349,0.5465114851488421,0.008867769778585721,0.5465114851488421,4.325371590740056,7.914511786631608
1012,0.5186260394599862,0.554198593424188,0.5364123164420871,0.03557255396420178,0.5364123164420871,4.260925636821593,7.94337770818433
1013,0.5251525574945719,0.5630355362676127,0.5440940468810923,0.03788297877304081,0.5440940468810923,4.1801793236543805,7.68282495942825
1014,0.519544608595675,0.5417648881857913,0.5306547483907331,0.0222202795901163,0.5306547483907331,4.116837293129426,7.7580334588810755
1015,0.5288282430704877,0.5244260807649594,0.5266271619177236,0.004402162305528257,0.5266271619177236,4.461510451966858,8.471857842881056
1016,0.5271071653457916,0.5487590578669815,0.5379331116063866,0.02165189252118993,0.5379331116063866,4.225900133699601,7.855809658342342
1017,0.515765106881119,0.5494562638535778,0.5326106853673485,0.033691156972458836,0.5326106853673485,4.220512518319542,7.924197982262786
1018,0.5093412594692028,0.5508732487702426,0.5301072541197227,0.04153198930103974,0.5301072541197227,4.3287762454295455,8.165849857342092
1019,0.5388362671141008,0.5594604284455463,0.5491483477798236,0.020624161331445512,0.5491483477798236,4.234196630434561,7.710478684954957
1020,0.5282014115023748,0.575872877316884,0.5520371444096294,0.047671465814509206,0.5520371444096294,4.569357796218428,8.277265112486376
1021,0.5077689410714227,0.40951330544511444,0.45864112325826856,0.09825563562630824,0.45864112325826856,4.450662734164875,9.704020220748133
1022,0.5104745460398775,0.4808546888087735,0.49566461742432555,0.029619857231103996,0.49566461742432555,5.068438300783928,10.225539856206783
1023,0.5148621891276393,0.5045917970677866,0.5097269930977129,0.010270392059852695,0.5097269930977129,3.947488865535968,7.744319839815209
1024,0.5565421646874509,0.4886244667861562,0.5225833157368035,0.0679176979012947,0.5225833157368035,4.0642137820546775,7.777159468484828
1025,0.5748493244261916,0.530598583941018,0.5527239541836049,0.044250740485173634,0.5527239541836049,4.419731639137035,7.996273014194135
1026,0.5413244652855097,0.5401916453938668,0.5407580553396882,0.0011328198916429333,0.5407580553396882,4.374439710276845,8.089458246773507
1027,0.5375922769561896,0.5066135882011481,0.5221029325786688,0.030978688755041506,0.5221029325786688,4.599979831020568,8.810484569204096
1028,0.5250488118256664,0.4852340796258005,0.5051414457257335,0.03981473219986592,0.5051414457257335,4.20067437894772,8.315837899447427
1029,0.5371305573441822,0.4886657714472708,0.5128981643957266,0.048464785896911444,0.5128981643957266,4.216825824439717,8.221565443517996
1030,0.5400287377131588,0.49869806752200085,0.5193634026175799,0.04133067019115799,0.5193634026175799,4.443642222736132,8.55594021515624
1031,0.567709600840227,0.5827996174442275,0.5752546091422273,0.015090016604000445,0.5752546091422273,4.435853212113105,7.711112856144668
1032,0.5746887289472649,0.5534926142936417,0.5640906716204532,0.021196114653623144,0.5640906716204532,4.794215045496121,8.499014939785948
1033,0.5467162722292175,0.5137437497569747,0.5302300109930961,0.032972522472242805,0.5302300109930961,4.685252012094951,8.83626334790008
1034,0.5564756462250122,0.4784732117348409,0.5174744289799266,0.0780024344901713,0.5174744289799266,4.319120316836883,8.346538640278254
1035,0.5363670489969476,0.48707943272583376,0.5117232408613908,0.04928761627111389,0.5117232408613908,4.188973934022864,8.186014625740873
1036,0.5229667880077126,0.5223784767132492,0.5226726323604809,0.0005883112944633506,0.5226726323604809,4.577402475264406,8.757685388255469
1037,0.5324785838391379,0.4836694441159923,0.5080740139775651,0.048809139723145656,0.5080740139775651,4.457260549015918,8.772856761796
1038,0.5268587709228937,0.5051596100251662,0.5160091904740299,0.0216991608977275,0.5160091904740299,4.520922291797777,8.761321261826069
1039,0.511349364229463,0.4980030477798248,0.5046762060046439,0.013346316449638185,0.5046762060046439,4.444194528602425,8.806031423168642
1040,0.5309489922186124,0.4697700217184564,0.5003595069685344,0.06117897050015597,0.5003595069685344,4.39547290439404,8.784629537718475
1041,0.5158128178010855,0.46282765704490925,0.48932023742299735,0.05298516075617621,0.48932023742299735,4.2294536346969425,8.643528943277186
1042,0.5423013027424525,0.45401795642148884,0.4981596295819707,0.08828334632096363,0.4981596295819707,4.519829365913907,9.07305429327284
1043,0.5048685285831747,0.47087222359051806,0.48787037608684636,0.0339963049926566,0.48787037608684636,4.128103914045625,8.461476893015485
1044,0.5295593396579853,0.4891175243932288,0.509338432025607,0.04044181526475649,0.509338432025607,4.04499274020614,7.941660173019846
1045,0.540289053048539,0.5219421556031592,0.5311156043258491,0.018346897445379873,0.5311156043258491,3.937312924143597,7.413287977372217
1046,0.516444039623007,0.4478363207952378,0.4821401802091224,0.06860771882776923,0.4821401802091224,4.185489132033479,8.681062694708569
1047,0.49779356725050056,0.4367970719165171,0.46729531958350884,0.060996495333983436,0.46729531958350884,4.0034110176942495,8.56719690936004
1048,0.47282637034331826,0.4399347825224779,0.4563805764328981,0.03289158782084034,0.4563805764328981,3.851889594046746,8.440082231705345
1049,0.44770321887487297,0.4483748508245508,0.44803903484971186,0.0006716319496778422,0.44803903484971186,4.101910432139637,9.15525236214198
1050,0.45685048568518416,0.4439791770526184,0.45041483136890126,0.012871308632565748,0.45041483136890126,4.150044968996963,9.213828408767405
1051,0.4562498250838816,0.44775991514154195,0.4520048701127118,0.008489909942339668,0.4520048701127118,4.031987186162614,8.920229521326172
1052,0.44285231207994774,0.4645442567855097,0.45369828443272875,0.02169194470556196,0.45369828443272875,4.0239912000013325,8.869311033504651
1053,0.4738905677784098,0.48303280076112437,0.4784616842697671,0.009142232982714549,0.4784616842697671,3.90460797091052,8.160753722358711
1054,0.49228813206758665,0.4508077618042038,0.4715479469358952,0.04148037026338286,0.4715479469358952,4.088255593770547,8.669861930978414
1055,0.47501334284869884,0.4661669995430474,0.4705901711958731,0.008846343305651427,0.4705901711958731,3.8859362344995727,8.25758052834923
1056,0.4737315076549174,0.4887394254983145,0.481235466576616,0.015007917843397112,0.481235466576616,3.8341604265428524,7.967327208482935
1057,0.4836595557429239,0.4836199214033193,0.4836397385731216,3.963433960463281e-05,0.4836397385731216,3.67031825680617,7.588950956831381
1058,0.48266829348593726,0.4529901167834613,0.4678292051346993,0.029678176702475967,0.4678292051346993,3.904418197649038,8.345819702566159
1059,0.4735572358173772,0.47060513904659956,0.47208118743198835,0.0029520967707776236,0.47208118743198835,3.882494953982774,8.224210278538406
1060,0.5033678455327333,0.5278686291925846,0.515618237362659,0.02450078365985131,0.515618237362659,3.7289707418511444,7.2320381081252965
1061,0.5021347378730804,0.49672879950136206,0.4994317686872212,0.005405938371718322,0.4994317686872212,3.628427093872447,7.26511071454251
1062,0.4975471781888002,0.4480196386723408,0.4727834084305705,0.049527539516459385,0.4727834084305705,3.677508544895977,7.778421322151852
1063,0.5022704058211673,0.4495675459444955,0.4759189758828314,0.05270285987667184,0.4759189758828314,3.6880087499828447,7.749236607222008
1064,0.5023466871446368,0.44846558213535725,0.47540613463999704,0.05388110500927956,0.47540613463999704,3.930887230686622,8.268482344392337
1065,0.48092525236866074,0.5750702374426282,0.5279977449056444,0.09414498507396746,0.5279977449056444,3.587584900314936,6.7946973920429405
1066,0.4706826927409085,0.49778913142799996,0.48423591208445427,0.02710643868709145,0.48423591208445427,4.02165537703572,8.305157210922253
1067,0.42279159944475186,0.5149475559250976,0.4688695776849247,0.09215595648034569,0.4688695776849247,4.149401535293144,8.849799033200437
1068,0.405820747863971,0.5567048080964438,0.48126277798020745,0.15088406023247286,0.48126277798020745,4.595130932556419,9.548070498702478
1069,0.4161143801008173,0.5393082270612912,0.4777113035810543,0.12319384696047392,0.4777113035810543,4.362126283079228,9.131302211983552
1070,0.45628883168481876,0.5414753890246964,0.4988821103547576,0.08518655733987762,0.4988821103547576,4.6314413870121,9.283638941710414
1071,0.4557131125889145,0.497406938689504,0.47656002563920924,0.04169382610058947,0.47656002563920924,4.4772199856896,9.394871044176044
1072,0.48357602367739905,0.49560826460771185,0.4895921441425555,0.012032240930312799,0.4895921441425555,5.245306255907244,10.713624225105946
1073,0.46516454297703014,0.44043550776630697,0.4528000253716685,0.02472903521072317,0.4528000253716685,5.440256135700633,12.014699273117635
1074,0.45644970592799916,0.45179042945420916,0.45412006769110413,0.004659276473789997,0.45412006769110413,5.413908945329266,11.92175666857305
1075,0.4443380331579591,0.4627224670167452,0.45353025008735215,0.018384433858786076,0.45353025008735215,5.143643883665683,11.341346873058615
1076,0.4436849072050206,0.505461181105037,0.47457304415502877,0.06177627390001644,0.47457304415502877,4.617676910308665,9.730171081525247
1077,0.46564762583791225,0.5259202411780824,0.4957839335079973,0.0602726153401702,0.4957839335079973,4.170300163308171,8.411527444628057
1078,0.4707170491465176,0.525470275255056,0.49809366220078677,0.05475322610853839,0.49809366220078677,4.766947707132656,9.570384184513172
1079,0.45135456298824966,0.5468569318660678,0.49910574742715874,0.0955023688778181,0.49910574742715874,4.82739958185256,9.672097760318994
1080,0.48581897651776895,0.5385703880263171,0.512194682272043,0.05275141150854812,0.512194682272043,4.801109433171271,9.373602654119802
1081,0.4356405135238225,0.48947833433968535,0.4625594239317539,0.05383782081586286,0.4625594239317539,4.641030511977104,10.033371436967723
1082,0.4364500535884995,0.47391800760866504,0.45518403059858226,0.03746795402016556,0.45518403059858226,4.5663769371441045,10.031935723094604
1083,0.46426011653298116,0.47472142240921983,0.46949076947110047,0.010461305876238669,0.46949076947110047,4.4543968220583565,9.48771969910379
1084,0.5012486786437603,0.5046862004261679,0.5029674395349641,0.0034375217824075266,0.5029674395349641,4.326556994802762,8.602061793111357
1085,0.4917577781347189,0.4986853110880414,0.4952215446113801,0.006927532953322546,0.4952215446113801,4.553954040401293,9.195791439112288
1086,0.46148070925109874,0.4884228187446059,0.4749517639978523,0.02694210949350717,0.4749517639978523,4.6226695684843095,9.732924307035972
1087,0.5181945503609129,0.4934572665046985,0.5058259084328057,0.024737283856214376,0.5058259084328057,4.596566894500527,9.087250806788475
1088,0.5275219566028783,0.42956216501506944,0.4785420608089739,0.09795979158780882,0.4785420608089739,4.092594712208666,8.552215254162086
1089,0.5167191717513021,0.4232326864243298,0.46997592908781594,0.09348648532697229,0.46997592908781594,4.346860698527548,9.249113474735701
1090,0.5155021310959527,0.43841139854290695,0.47695676481942983,0.07709073255304572,0.47695676481942983,4.402147521010067,9.229657372983624
1091,0.4982954629780704,0.44217890991163067,0.4702371864448506,0.056116553066439756,0.4702371864448506,4.28301414967125,9.10819959189587
1092,0.5081796952821619,0.45980045633582123,0.48399007580899156,0.048379238946340664,0.48399007580899156,4.171844711303761,8.619690609007847
1093,0.5261627532647083,0.4625999861871508,0.49438136972592955,0.06356276707755748,0.49438136972592955,4.267207192796088,8.63140776352819
1094,0.5287709739701942,0.47289439860379723,0.5008326862869957,0.05587657536639701,0.5008326862869957,4.122125435982417,8.230543949801802
1095,0.578984620961585,0.5265386806311827,0.5527616507963838,0.052445940330402285,0.5527616507963838,4.348007963172874,7.865972534289491
1096,0.5717035809994766,0.5358427976734015,0.553773189336439,0.03586078332607512,0.553773189336439,4.642713743744933,8.383782084698039
1097,0.5530284352589806,0.5088559547171249,0.5309421949880527,0.04417248054185574,0.5309421949880527,4.450933512311666,8.383084927751543
1098,0.5432094680453352,0.5280125692272348,0.535611018636285,0.01519689881810038,0.535611018636285,4.995469021259172,9.326673364521321
1099,0.5390811630140128,0.4944662594308529,0.5167737112224329,0.04461490358315989,0.5167737112224329,5.390017877701751,10.43013172042288
1100,0.5155769338347047,0.4898220877286269,0.5026995107816659,0.02575484610607781,0.5026995107816659,5.423723790711992,10.789196476993672
1101,0.5090850381093431,0.5000145860239017,0.5045498120666224,0.009070452085441438,0.5045498120666224,4.791030005121576,9.495653135807634
1102,0.5148762613890437,0.5325752032793772,0.5237257323342105,0.017698941890333497,0.5237257323342105,5.0115058606452605,9.568950981860896
1103,0.5517125605086916,0.4926257570427687,0.5221691587757301,0.05908680346592288,0.5221691587757301,4.655059982171193,8.914850492291379
1104,0.5619792554532361,0.48141229508877165,0.5216957752710039,0.08056696036446448,0.5216957752710039,4.372993285775871,8.382267008975191
1105,0.5541719028693067,0.4752782285414298,0.5147250657053682,0.07889367432787692,0.5147250657053682,4.333325277580618,8.41871819792246
1106,0.567928802396978,0.5119701614470199,0.539949481921999,0.05595864094995806,0.539949481921999,4.602011805254584,8.52304143134522
1107,0.5663518426398338,0.5326000418428326,0.5494759422413332,0.03375180079700124,0.5494759422413332,4.733752243897618,8.61503094127918
1108,0.5676936625926485,0.5224465925392698,0.5450701275659592,0.04524707005337869,0.5450701275659592,4.877945286740064,8.949206790184594
1109,0.5784171359548573,0.5103200717541175,0.5443686038544875,0.0680970642007398,0.5443686038544875,4.615600531718138,8.478814720460829
1110,0.5906090083751593,0.5107975810668497,0.5507032947210044,0.07981142730830959,0.5507032947210044,4.760597333005895,8.64457754046613
1111,0.5416491092957526,0.5151840204735292,0.5284165648846408,0.026465088822223426,0.5284165648846408,4.407975383322538,8.341856929267248
1112,0.5379634070613651,0.5142321917991849,0.526097799430275,0.02373121526218025,0.526097799430275,4.117776936394139,7.827017981929191
1113,0.5328773870376945,0.5002613115082297,0.5165693492729622,0.03261607552946477,0.5165693492729622,4.373854143898631,8.467118984226508
1114,0.5333224581103528,0.532157292786431,0.5327398754483919,0.0011651653239218573,0.5327398754483919,4.415727367904363,8.288711942555027
1115,0.5540574685854303,0.43894865150179924,0.4965030600436148,0.11510881708363102,0.4965030600436148,4.231277807761292,8.522158569152827
1116,0.5544116487086562,0.44805188516305966,0.5012317669358579,0.10635976354559656,0.5012317669358579,4.345458504787958,8.669559256694201
1117,0.5615591454425005,0.4540999234246215,0.507829534433561,0.107459222017879,0.507829534433561,4.207602007970844,8.285461405201751
1118,0.5585248104642052,0.46053642311405807,0.5095306167891316,0.09798838735014714,0.5095306167891316,4.079380359929663,8.006153556848789
1119,0.5370742952488102,0.46715007942616193,0.5021121873374861,0.0699242158226483,0.5021121873374861,4.346242713485042,8.655919579509806
1120,0.5353942373069451,0.44907399965910194,0.49223411848302356,0.08632023764784319,0.49223411848302356,4.471379880752548,9.08384793506905
1121,0.5271949753343319,0.47893239342063415,0.5030636843774831,0.048262581913697755,0.5030636843774831,4.529737616391424,9.00430255067359
1122,0.5484868277336785,0.45966703341462206,0.5040769305741503,0.08881979431905646,0.5040769305741503,4.459978218984606,8.847812602541902
1123,0.5452101629482241,0.45468935374308533,0.4999497583456547,0.09052080920513877,0.4999497583456547,4.792528910958538,9.586021057030065
1124,0.5599091607928628,0.5075559831822722,0.5337325719875675,0.05235317761059055,0.5337325719875675,4.770298492208222,8.93761921713734
1125,0.5544964107121845,0.4834903556515986,0.5189933831818916,0.07100605506058588,0.5189933831818916,4.940540986071968,9.519468159270263
1126,0.5433070723091914,0.48054894742525894,0.5119280098672252,0.06275812488393245,0.5119280098672252,5.088195494307136,9.939279344427398
1127,0.5185068190984343,0.49784942530553317,0.5081781222019838,0.020657393792901158,0.5081781222019838,5.096672264669578,10.029302801516161
1128,0.5386845332761601,0.47029802664058074,0.5044912799583704,0.06838650663557932,0.5044912799583704,5.011612595006696,9.93399250710586
1129,0.5323280028660866,0.43731170649065604,0.4848198546783713,0.09501629637543058,0.4848198546783713,4.885081907603185,10.076076423982142
1130,0.5261417844146271,0.4671559217713581,0.4966488530929926,0.058985862643268994,0.4966488530929926,4.746015428703452,9.556078503245446
1131,0.5536468190337166,0.500719699672699,0.5271832593532078,0.05292711936101757,0.5271832593532078,4.130733378027819,7.835479038343793
1132,0.531766423234454,0.5538228683272205,0.5427946457808372,0.022056445092766497,0.5427946457808372,4.1397287441965895,7.626694139993556
1133,0.5128138708003247,0.47830671903423805,0.4955602949172814,0.03450715176608665,0.4955602949172814,3.940118499874739,7.950835731366293
1134,0.5372557724937118,0.46645122145390666,0.5018534969738092,0.07080455103980515,0.5018534969738092,4.306096213718951,8.580384992203568
1135,0.5782465800028748,0.4660801574530572,0.522163368727966,0.11216642254981757,0.522163368727966,4.222616505840895,8.086772758739366
1136,0.5603750805940856,0.496035747478721,0.5282054140364033,0.0643393331153646,0.5282054140364033,4.402324005321625,8.334492393177594
1137,0.6008913575718058,0.5073487326074628,0.5541200450896343,0.09354262496434296,0.5541200450896343,4.355116509898617,7.859518074633331
1138,0.575581821294572,0.5214752120728846,0.5485285166837284,0.05410660922168742,0.5485285166837284,4.483206392236258,8.173150995577489
1139,0.6078722057438216,0.5866686680082872,0.5972704368760544,0.021203537735534406,0.5972704368760544,4.538377811362657,7.598530801390495
1140,0.552312047165326,0.5761586092935598,0.5642353282294429,0.023846562128233773,0.5642353282294429,4.5677048455835205,8.095389666430265
1141,0.5687006398775862,0.5506265221530693,0.5596635810153278,0.018074117724516947,0.5596635810153278,5.139937863598543,9.183977728680853
1142,0.5655103282662304,0.5694889754759944,0.5674996518711124,0.003978647209764041,0.5674996518711124,5.235130964515722,9.224906036955064
1143,0.5740909015253142,0.5463848979011557,0.5602378997132349,0.027706003624158426,0.5602378997132349,4.818796956137039,8.60134053516123
1144,0.5605056044061024,0.5581963512013407,0.5593509778037216,0.0023092532047617187,0.5593509778037216,5.048131571024606,9.024980327818458
1145,0.5448352588707442,0.5905621693286417,0.567698714099693,0.04572691045789745,0.567698714099693,5.09348470914282,8.972161786944543
1146,0.5501829294662536,0.5655516806183472,0.5578673050423004,0.015368751152093574,0.5578673050423004,4.791860444688437,8.589606168666029
1147,0.5525495423478503,0.5844966054746069,0.5685230739112286,0.03194706312675666,0.5685230739112286,4.8280556392529554,8.492277377658073
1148,0.5440008146774048,0.5982986489631857,0.5711497318202953,0.054297834285780944,0.5711497318202953,5.1848997369916905,9.078004327283919
1149,0.5462425507755165,0.5860555415026338,0.5661490461390752,0.0398129907271173,0.5661490461390752,5.772324825363585,10.195768878758484
1150,0.5448463589349297,0.554474583081507,0.5496604710082184,0.009628224146577269,0.5496604710082184,5.443276071646529,9.902978945642868
1151,0.535256546821473,0.5502733117463441,0.5427649292839085,0.01501676492487114,0.5427649292839085,5.510194210425591,10.152082260906965
1152,0.5397357236002018,0.5386124139066059,0.5391740687534039,0.0011233096935959752,0.5391740687534039,5.162503892981558,9.5748371299041
1153,0.5600545918648566,0.5599618584653753,0.560008225165116,9.27333994813484e-05,0.560008225165116,4.858664722556625,8.676059572382298
1154,0.5571839069411986,0.5392615010681582,0.5482227040046783,0.017922405873040392,0.5482227040046783,4.738251589370759,8.642932068954089
1155,0.5625823435299419,0.5642004999648353,0.5633914217473885,0.0016181564348934918,0.5633914217473885,4.817532466963595,8.550951045760975
1156,0.5521862563469861,0.5315705589040475,0.5418784076255168,0.020615697442938674,0.5418784076255168,4.171969641028322,7.699088176090422
1157,0.5678520661147756,0.5440935667790178,0.5559728164468967,0.0237584993357578,0.5559728164468967,3.945301956631374,7.0962137714663
1158,0.5413220405043316,0.5538223660508332,0.5475722032775825,0.0125003255465016,0.5475722032775825,4.074506875907856,7.441040380646118
1159,0.46760354040775115,0.6013251743188965,0.5344643573633239,0.1337216339111454,0.5344643573633239,3.7788347056180247,7.0703212544615175
1160,0.4999202835094417,0.5805007137744498,0.5402104986419457,0.08058043026500811,0.5402104986419457,4.3127263286963675,7.983418203715557
1161,0.46297075366057744,0.5349696427716395,0.49897019821610844,0.07199888911106206,0.49897019821610844,4.294763585943911,8.607254704385793
1162,0.5058105557925416,0.502713528797732,0.5042620422951368,0.0030970269948096263,0.5042620422951368,3.5463475287450574,7.032747324394951
1163,0.513083294022746,0.5289097398242449,0.5209965169234955,0.015826445801498945,0.5209965169234955,3.4081633491984893,6.541624057918516
1164,0.5057589985372755,0.5187515114996752,0.5122552550184754,0.012992512962399783,0.5122552550184754,3.7624983840952537,7.344967859743192
1165,0.5013247652834498,0.5610431140503795,0.5311839396669147,0.05971834876692972,0.5311839396669147,3.9227626396834863,7.384942101493698
1166,0.5076282351364059,0.5533824566581621,0.5305053458972839,0.04575422152175623,0.5305053458972839,3.9856857804212553,7.512998334974292
1167,0.4970829378086777,0.5755276052685788,0.5363052715386283,0.07844466745990114,0.5363052715386283,3.871230483840112,7.218333828294806
1168,0.511874422336101,0.5214367582938078,0.5166555903149543,0.009562335957706725,0.5166555903149543,3.3475494769966954,6.479266923166402
1169,0.5603811156661815,0.5013707040566777,0.5308759098614296,0.05901041160950382,0.5308759098614296,3.50245381606133,6.597500001413792
1170,0.5622515490357866,0.5570297708247339,0.5596406599302602,0.00522177821105263,0.5596406599302602,3.6854630931981376,6.58540981217734
1171,0.5821113818635535,0.5769392014024692,0.5795252916330114,0.0051721804610842526,0.5795252916330114,4.133581035790668,7.132701705119521
1172,0.5864951282771419,0.5889339959354345,0.5877145621062883,0.0024388676582925983,0.5877145621062883,4.039060982699566,6.872487501797006
1173,0.5794585968813429,0.5735064414885255,0.5764825191849342,0.00595215539281746,0.5764825191849342,4.09708629801803,7.107043425723885
1174,0.5632238330822976,0.5579094859787109,0.5605666595305043,0.005314347103586692,0.5605666595305043,4.129105444268543,7.365949034012876
1175,0.5810872122333037,0.5301453211930193,0.5556162667131614,0.05094189104028446,0.5556162667131614,3.996602512485355,7.193098460071927
1176,0.5922190614178309,0.5217765933055294,0.5569978273616801,0.07044246811230148,0.5569978273616801,4.190370394847763,7.52313597827877
1177,0.59005052499751,0.5477690572850753,0.5689097911412926,0.042281467712434684,0.5689097911412926,4.375785320583992,7.691527529884322
1178,0.5809388100549854,0.519418283090478,0.5501785465727317,0.06152052696450738,0.5501785465727317,4.385113952717039,7.97034704467042
1179,0.5880738452615704,0.5058417246840478,0.5469577849728091,0.0822321205775226,0.5469577849728091,4.268193860397018,7.803516062229925
1180,0.5668664680639843,0.5054897906634062,0.5361781293636952,0.06137667740057817,0.5361781293636952,4.253750051065956,7.933464306188798
1181,0.5915443164327349,0.5205642899330756,0.5560543031829053,0.07098002649965929,0.5560543031829053,4.3111286247201654,7.753071237904058
1182,0.5703671986805668,0.5094922293587271,0.539929714019647,0.06087496932183978,0.539929714019647,4.190444978011906,7.761093470509431
1183,0.5751628878223035,0.5292015496665105,0.552182218744407,0.04596133815579306,0.552182218744407,4.051273138081172,7.336840992984633
1184,0.5829049279652998,0.5521677066962823,0.567536317330791,0.030737221269017456,0.567536317330791,4.036450163370807,7.112232363128481
1185,0.5844023454350992,0.5542923560199783,0.5693473507275387,0.030109989415120886,0.5693473507275387,3.974407003868145,6.98063668653145
1186,0.593786796639576,0.5768267401973084,0.5853067684184422,0.016960056442267613,0.5853067684184422,4.12347031993383,7.044972896991883
1187,0.5635912754281727,0.5176869014237397,0.5406390884259562,0.045904374004432924,0.5406390884259562,3.965409339055999,7.334670067236705
1188,0.5746331378690127,0.4736049662140829,0.5241190520415477,0.10102817165492983,0.5241190520415477,4.047129452033337,7.721775112484395
1189,0.5669470550162126,0.5170285848792632,0.5419878199477379,0.04991847013694939,0.5419878199477379,4.168569450307307,7.691260387935042
1190,0.564076537261097,0.49351067933240717,0.528793608296752,0.0705658579286898,0.528793608296752,3.851644788693829,7.2838338593009935
1191,0.5579473659671649,0.5123937791082982,0.5351705725377316,0.04555358685886668,0.5351705725377316,3.924868772724883,7.333865078032042
1192,0.5514241303886911,0.5050761908500505,0.5282501606193708,0.04634793953864058,0.5282501606193708,3.795963904842245,7.18592096667135
1193,0.51887595757519,0.5022785561558895,0.5105772568655398,0.01659740141930055,0.5105772568655398,3.917170334629003,7.672042344143401
1194,0.5454450956813172,0.4700446780960748,0.507744886888696,0.07540041758524235,0.507744886888696,3.6408563189401826,7.170641030479355
1195,0.5495756514688004,0.49993482717250665,0.5247552393206535,0.04964082429629374,0.5247552393206535,3.669953584215208,6.993648293948086
1196,0.5547406606486713,0.4987347870823509,0.5267377238655111,0.05600587356632042,0.5267377238655111,3.851741896970452,7.312447395459178
1197,0.5618160678232844,0.4763439036690526,0.5190799857461685,0.08547216415423181,0.5190799857461685,3.688659577016708,7.1061487214043195
1198,0.5764551473949482,0.49360183017281817,0.5350284887838832,0.08285331722213002,0.5350284887838832,3.824208849399943,7.147673310055598
1199,0.5798135806438166,0.5142615049185109,0.5470375427811638,0.06555207572530575,0.5470375427811638,3.588329682743165,6.5595674923880605
1200,0.5769538804948717,0.4900652550350642,0.5335095677649679,0.08688862545980752,0.5335095677649679,3.538757208419804,6.632977967470616
1201,0.5887582008496675,0.5696239351893938,0.5791910680195307,0.019134265660273653,0.5791910680195307,3.6719494599614113,6.339789514567567
1202,0.6052154886062935,0.5928686787748629,0.5990420836905782,0.01234680983143055,0.5990420836905782,3.6702830943166798,6.126920285307505
1203,0.5792085899934293,0.5606885379643308,0.56994856397888,0.018520052029098455,0.56994856397888,3.8730426994046594,6.795424963204536
1204,0.6119092723618575,0.5265798395751831,0.5692445559685203,0.08532943278667449,0.5692445559685203,3.9528830283470966,6.944085783344223
1205,0.6167221717075576,0.5487916655975675,0.5827569186525625,0.06793050610999007,0.5827569186525625,3.903052637662943,6.697565507566163
1206,0.6252066340432256,0.5550368488753935,0.5901217414593096,0.07016978516783212,0.5901217414593096,4.025513496552246,6.821496673885578
1207,0.611909361216994,0.5562920465815959,0.5841007038992949,0.055617314635398096,0.5841007038992949,4.008730681217995,6.863081407806593
1208,0.6095833702621716,0.5639851217151811,0.5867842459886763,0.04559824854699046,0.5867842459886763,3.9812167506867318,6.784805110060097
1209,0.6088722407975131,0.562334582311136,0.5856034115543245,0.04653765848637714,0.5856034115543245,3.871724637489769,6.611513118090163
1210,0.608823634143105,0.5448099686524189,0.5768168013977619,0.0640136654906861,0.5768168013977619,3.8725902130191403,6.713726444227958
1211,0.5862831075039789,0.52055344735468,0.5534182774293295,0.06572966014929893,0.5534182774293295,3.721618912544099,6.724784967043925
1212,0.5889367342293282,0.5113173763101507,0.5501270552697395,0.07761935791917751,0.5501270552697395,3.7366221167578724,6.7922893101953035
1213,0.5781684993038999,0.4979086828052235,0.5380385910545618,0.08025981649867642,0.5380385910545618,3.674395244136927,6.829241071602449
1214,0.5798713394005867,0.5246960762216487,0.5522837078111177,0.05517526317893795,0.5522837078111177,3.6672008922728834,6.640067125657588
1215,0.5570373202427396,0.5272506984578722,0.5421440093503058,0.02978662178486735,0.5421440093503058,3.671342294557007,6.77189497852548
1216,0.5706181599380623,0.5620613460987056,0.566339753018384,0.008556813839356692,0.566339753018384,3.6753315530217314,6.48962311657191
1217,0.5749551640998168,0.5427849657238962,0.5588700649118565,0.03217019837592061,0.5588700649118565,3.733732192987144,6.6808591610216554
1218,0.5851243685224367,0.5437806337624125,0.5644525011424246,0.041343734760024176,0.5644525011424246,3.6626137354666986,6.488789983309038
1219,0.6149485698059372,0.5575922696876907,0.5862704197468139,0.05735630011824644,0.5862704197468139,3.799267561645307,6.4804012511599245
1220,0.5877506135946573,0.5533145450938671,0.5705325793442622,0.03443606850079017,0.5705325793442622,4.091807536869605,7.171908642925347
1221,0.6155815791298801,0.5359924692484779,0.5757870241891789,0.07958910988140222,0.5757870241891789,4.1011315703033935,7.122653686193417
1222,0.6072068037345822,0.5516500498427779,0.57942842678868,0.05555675389180437,0.57942842678868,4.263733003696646,7.358515403407447
1223,0.608805989645088,0.5806416073143592,0.5947237984797236,0.02816438233072882,0.5947237984797236,4.038938850914067,6.791285065838458
1224,0.5912348022502344,0.563294707577079,0.5772647549136567,0.02794009467315539,0.5772647549136567,4.062994020332706,7.038354560448473
1225,0.5899412514634963,0.574147160930803,0.5820442061971496,0.015794090532693317,0.5820442061971496,4.099126297781218,7.042637404748541
1226,0.5913832347022614,0.5534971576664595,0.5724401961843604,0.037886077035801935,0.5724401961843604,4.060550611689391,7.093405806851565
1227,0.590616981052706,0.560468989885853,0.5755429854692795,0.03014799116685296,0.5755429854692795,4.166030840509071,7.238435608961895
1228,0.5968786276151049,0.5667695016419123,0.5818240646285087,0.030109125973192596,0.5818240646285087,3.983476853662254,6.846531616401396
1229,0.600025965813631,0.5720939957337792,0.586059980773705,0.02793197007985182,0.586059980773705,4.114326207025474,7.020315909634062
1230,0.5957031701824349,0.5862280843384526,0.5909656272604438,0.009475085843982267,0.5909656272604438,4.05260791367564,6.8576034319668135
1231,0.5826396755656679,0.5538617550283286,0.5682507152969982,0.028777920537339297,0.5682507152969982,4.11935681476923,7.249188965149359
1232,0.5546222514153447,0.5554760384082534,0.5550491449117991,0.0008537869929087227,0.5550491449117991,4.019875878650907,7.242378292988255
1233,0.5947468922916079,0.5125652576835186,0.5536560749875632,0.08218163460808936,0.5536560749875632,4.0824735087650605,7.373663350224714
1234,0.60540218432564,0.514853295264546,0.560127739795093,0.09054888906109393,0.560127739795093,3.9996941805165425,7.140682198635115
1235,0.5906589945122485,0.5510245798119282,0.5708417871620883,0.03963441470032025,0.5708417871620883,4.014361574743454,7.032354086586151
1236,0.5970747725286322,0.552552314117788,0.5748135433232101,0.044522458410844123,0.5748135433232101,4.025756271933144,7.003586325852302
1237,0.5826321253861815,0.5534796114902844,0.5680558684382329,0.029152513895897125,0.5680558684382329,4.1217507734285785,7.255889785560334
1238,0.5687799349555044,0.5530390842894364,0.5609095096224703,0.015740850666068007,0.5609095096224703,4.0514261714134,7.222958609028186
1239,0.5999328529972999,0.5311988819721448,0.5655658674847224,0.0687339710251551,0.5655658674847224,4.065313025409827,7.1880452112319935
1240,0.5734113995216211,0.5036217517571834,0.5385165756394023,0.06978964776443775,0.5385165756394023,4.1601853351770535,7.72526886519231
1241,0.579554365536299,0.5441632400486212,0.56185880279246,0.035391125487677866,0.56185880279246,4.096892384351938,7.291676065214649
1242,0.5740718721409963,0.5188900382996373,0.5464809552203168,0.055181833841358996,0.5464809552203168,4.23146289621854,7.743111367005649
1243,0.5717402911912292,0.5325920753853189,0.552166183288274,0.039148215805910214,0.552166183288274,4.15261840860437,7.520595310409254
1244,0.5677311677527646,0.5167126693182305,0.5422219185354975,0.0510184984345341,0.5422219185354975,4.1565059756903535,7.665691543633606
1245,0.558542181202369,0.5198460302717255,0.5391941057370473,0.03869615093064349,0.5391941057370473,4.1600274529056325,7.715268784734051
1246,0.5773140304534538,0.51281788468353,0.5450659575684919,0.0644961457699238,0.5450659575684919,4.1271310992694685,7.571801250770393
1247,0.5847431049656933,0.5134415490663712,0.5490923270160322,0.07130155589932208,0.5490923270160322,4.165888770574719,7.586863930905167
1248,0.5867305022733669,0.48727990393210024,0.5370052031027336,0.09945059834126663,0.5370052031027336,4.176718843597976,7.777799580833734
1249,0.596666589572877,0.5052061303655703,0.5509363599692236,0.09146045920730672,0.5509363599692236,3.967429620823507,7.2012484727730355
1250,0.5932608819882661,0.5132560934355661,0.5532584877119161,0.08000478855269999,0.5532584877119161,4.087163346541419,7.38743903133687
1251,0.5765414757940279,0.4987724880153945,0.5376569819047112,0.07776898777863345,0.5376569819047112,4.064295639715891,7.559272503665181
1252,0.5871184860714365,0.4561659779222822,0.5216422319968593,0.13095250814915427,0.5216422319968593,4.321973730165959,8.285321749393903
1253,0.5971279241904057,0.4920734134056643,0.544600668798035,0.10505451078474143,0.544600668798035,4.03501427287139,7.409124711096845
1254,0.5606868612824152,0.48042815213184387,0.5205575067071295,0.08025870915057132,0.5205575067071295,4.0001810812416565,7.684417244399081
1255,0.5803347163536695,0.4835147362891878,0.5319247263214286,0.09681998006448173,0.5319247263214286,3.9741179075509545,7.471203557379838
1256,0.5848541053065219,0.4822730691481626,0.5335635872273423,0.10258103615835934,0.5335635872273423,4.060113077065355,7.609426831699087
1257,0.5599298047776435,0.5325928168959659,0.5462613108368047,0.0273369878816776,0.5462613108368047,4.109574290893599,7.523092354093758
1258,0.5735431800279497,0.5064311794791903,0.53998717975357,0.06711200054875943,0.53998717975357,3.7877518441800464,7.014521800144653
1259,0.5509461845421243,0.5197493825137477,0.535347783527936,0.031196802028376602,0.535347783527936,3.866749392506681,7.222873637441524
1260,0.5549065004449519,0.5211838604576448,0.5380451804512983,0.03372263998730718,0.5380451804512983,4.181172189473651,7.7710429186756995
1261,0.5413001510591576,0.49792197219722795,0.5196110616281928,0.043378178861929684,0.5196110616281928,4.1112017407981245,7.912075096930655
1262,0.5512601625712001,0.5223565924531401,0.5368083775121701,0.028903570118059996,0.5368083775121701,4.191135905889955,7.807508380017666
1263,0.5508392922491926,0.5309164895555023,0.5408778909023475,0.01992280269369029,0.5408778909023475,4.101699936902,7.583412089666168
1264,0.576389251331912,0.42495235076061016,0.500670801046261,0.15143690057130182,0.500670801046261,4.2675924221121555,8.52374936424111
1265,0.5524112777878175,0.44462056814451756,0.49851592296616754,0.10779070964329995,0.49851592296616754,4.417578279653148,8.861458734093342
1266,0.5811714436492752,0.4907910648877647,0.53598125426852,0.0903803787615105,0.53598125426852,4.412897299992531,8.23330529724408
1267,0.5763575623892023,0.47009595095054446,0.5232267566698734,0.10626161143865787,0.5232267566698734,4.449457522641749,8.503879944826878
1268,0.5964993332396555,0.5090037126436954,0.5527515229416755,0.08749562059596017,0.5527515229416755,4.577538379603737,8.281367286412243
1269,0.5960524689233647,0.49601022505939063,0.5460313469913777,0.10004224386397409,0.5460313469913777,4.395009622229403,8.04900606246477
1270,0.574362910129108,0.5160606425988902,0.5452117763639991,0.05830226753021783,0.5452117763639991,4.668964853161168,8.563580347252135
1271,0.6012123677750466,0.4884490208738914,0.544830694324469,0.11276334690115519,0.544830694324469,4.692863986925702,8.613435395273287
1272,0.589976959708636,0.512979449857685,0.5514782047831605,0.076997509850951,0.5514782047831605,4.516127018327386,8.189130557032826
1273,0.6151156799986108,0.5042574378949518,0.5596865589467813,0.11085824210365902,0.5596865589467813,4.569270730953289,8.163981532005606
1274,0.5865767225063749,0.5150652174310538,0.5508209699687143,0.07151150507532111,0.5508209699687143,4.652714753041188,8.446872952758959
1275,0.5811247487230277,0.4946296260576496,0.5378771873903386,0.08649512266537807,0.5378771873903386,4.65476771139388,8.653960087018723
1276,0.6067832616348086,0.5214448423270094,0.5641140519809089,0.08533841930779917,0.5641140519809089,4.746214853524296,8.413573171697768
1277,0.5522920918500579,0.5132502962194934,0.5327711940347757,0.039041795630564535,0.5327711940347757,4.466346371044906,8.383235469658993
1278,0.5528369514979142,0.5298339476898566,0.5413354495938854,0.023003003808057643,0.5413354495938854,4.507298584358042,8.326257938103735
1279,0.5497437085173487,0.5514971540685237,0.5506204312929361,0.0017534455511750702,0.5506204312929361,4.750485600750249,8.627514219905397
1280,0.5801194990357081,0.502678480575028,0.541398989805368,0.07744101846068019,0.541398989805368,4.6389134006899315,8.568382076881253
1281,0.6284052808204534,0.5544888407891415,0.5914470608047975,0.07391644003131193,0.5914470608047975,4.724905609207082,7.98872109158473
1282,0.6108484890062681,0.5574300870722741,0.5841392880392711,0.05341840193399394,0.5841392880392711,4.749588280873573,8.130917365301858
1283,0.5828333198435246,0.5418538351994667,0.5623435775214957,0.04097948464405787,0.5623435775214957,4.76939974374609,8.481291392651816
1284,0.6003066226810136,0.5577674890889959,0.5790370558850048,0.042539133592017775,0.5790370558850048,4.723641614289663,8.157753577739532
1285,0.6026242962630908,0.562974018616979,0.5827991574400349,0.03965027764611173,0.5827991574400349,4.86025126037738,8.339496031061882
1286,0.6333211497660552,0.5761829615639982,0.6047520556650268,0.05713818820205707,0.6047520556650268,4.425134795074933,7.3172711917593265
1287,0.6441717089171219,0.5689791772216998,0.6065754430694108,0.07519253169542217,0.6065754430694108,4.819168268224252,7.944878618623523
1288,0.6264109365701301,0.555095021704399,0.5907529791372645,0.07131591486573119,0.5907529791372645,4.864935882984316,8.235144053084703
1289,0.6177462339367824,0.5331900663460956,0.5754681501414389,0.08455616759068685,0.5754681501414389,4.584013769194859,7.96571238228944
1290,0.6140921652680221,0.5003962875259914,0.5572442263970068,0.11369587774203072,0.5572442263970068,4.561827151344185,8.18640541300849
1291,0.600070362693599,0.47252449239578886,0.5362974275446939,0.12754587029781017,0.5362974275446939,5.158740557911962,9.6191782636922
1292,0.5975730997027806,0.4925855313947971,0.5450793155487889,0.1049875683079835,0.5450793155487889,4.756128718139897,8.725571824994681
1293,0.6193614408554086,0.4917016276610895,0.555531534258249,0.12765981319431907,0.555531534258249,4.979913055269797,8.964231097914226
1294,0.6442425175006857,0.43839131355285577,0.5413169155267707,0.20585120394782996,0.5413169155267707,5.079441892159285,9.383490052617951
1295,0.662308658993826,0.5121661958261844,0.5872374274100052,0.15014246316764157,0.5872374274100052,5.078752201150536,8.648549912001071
1296,0.6422196650270717,0.4734564048590526,0.5578380349430622,0.16876326016801912,0.5578380349430622,4.823065800370284,8.645996684077966
1297,0.6125770059990034,0.4537840813659217,0.5331805436824626,0.15879292463308176,0.5331805436824626,5.0845076141776255,9.536183708169442
1298,0.6043685653439913,0.4570174661231228,0.530693015733557,0.14735109922086853,0.530693015733557,5.3242590768233695,10.032653377704333
1299,0.5913692963364631,0.4871233838064602,0.5392463400714617,0.10424591253000287,0.5392463400714617,4.930229867423669,9.142815631850757
1300,0.575251394813506,0.47777556806647764,0.5265134814399918,0.09747582674702832,0.5265134814399918,5.0909289609936454,9.669133156989966
1301,0.595308747079158,0.47107070318372457,0.5331897251314413,0.12423804389543347,0.5331897251314413,4.8859414987156145,9.16360775240209
1302,0.5885206427956151,0.5189808967188838,0.5537507697572495,0.0695397460767313,0.5537507697572495,5.132803935058757,9.269159006873886
1303,0.5974938189254277,0.5308746372792807,0.5641842281023542,0.066619181646147,0.5641842281023542,5.168155230726071,9.160403593892143
1304,0.5914223468169616,0.5020119167560106,0.5467171317864861,0.08941043006095095,0.5467171317864861,5.241631320279867,9.587464916550163
1305,0.598064198223191,0.5111591986031631,0.554611698413177,0.08690499962002796,0.554611698413177,4.862331741467006,8.76709192283327
1306,0.6091655700555705,0.4936440925054191,0.5514048312804948,0.11552147755015141,0.5514048312804948,4.816227963365479,8.734468198584764
1307,0.6368225943907275,0.486153730276461,0.5614881623335943,0.1506688641142665,0.5614881623335943,4.779493008022241,8.512188374832778
1308,0.5018512501784287,0.48237330397687844,0.4921122770776536,0.019477946201550245,0.4921122770776536,4.650069194409692,9.449203791507781
1309,0.5023677200373238,0.5302161908597206,0.5162919554485221,0.02784847082239683,0.5162919554485221,4.748877505589421,9.198046677802473
1310,0.5009110523443403,0.6242481472613266,0.5625795998028335,0.1233370949169863,0.5625795998028335,4.85197441399244,8.624511830313265
1311,0.5222365020307982,0.7026355632222051,0.6124360326265017,0.18039906119140692,0.6124360326265017,4.9609958402753245,8.100431026240452
1312,0.5209656036339265,0.8227845050198004,0.6718750543268635,0.30181890138587386,0.6718750543268635,4.594142539546838,6.83779299433822
1313,0.5136201954699795,0.894218699521113,0.7039194474955462,0.3805985040511335,0.5136201954699795,4.012959752086565,5.7008792218543665
1314,0.5736376345488944,0.8952600815842612,0.7344488580665778,0.3216224470353668,0.7344488580665778,4.019972965724649,5.473455260461768
1315,0.5588795749475635,1.0370983255376347,0.7979889502425991,0.47821875059007124,0.5588795749475635,4.122303037405831,5.165864810725258
1316,0.5736580213451288,1.022139835432993,0.7978989283890608,0.44848181408786414,0.5736580213451288,3.9395215656368805,4.9373691647771505
1317,0.5528802540079911,1.019501507553672,0.7861908807808315,0.46662125354568085,0.5528802540079911,3.9170732344442643,4.982343766890164
1318,0.5308385752467074,0.9934257314243929,0.7621321533355502,0.46258715617768553,0.5308385752467074,4.268549547422816,5.600799715300118
1319,0.5654186626109725,1.112133384813139,0.8387760237120557,0.5467147222021664,0.5654186626109725,3.9946920307957,4.762525296225017
1320,0.5802454881709818,1.014507687936278,0.7973765880536299,0.43426219976529623,0.5802454881709818,4.084891813435548,5.122914159552433
1321,0.5078369503220089,0.9290405752849494,0.7184387628034792,0.4212036249629405,0.5078369503220089,4.065636678026764,5.658988474065497
1322,0.46529404408674946,0.8936189102253917,0.6794564771560706,0.4283248661386423,0.46529404408674946,4.1960164063119025,6.175548467614477
1323,0.3175799769598347,0.6558244754182194,0.48670222618902703,0.3382444984583847,0.48670222618902703,3.9797062428628944,8.176881116868454
1324,0.3047732076836668,0.6213353735546194,0.4630542906191431,0.31656216587095265,0.4630542906191431,5.097086897110204,11.007536265985062
1325,0.3181138523598645,0.5202174666455854,0.419165659502725,0.20210361428572093,0.419165659502725,4.6444579669463,11.080244437142653
1326,0.38224261908567886,0.5509120777333534,0.46657734840951615,0.16866945864767452,0.46657734840951615,4.676756833092638,10.023540253368314
1327,0.4512653702177709,0.5261683968570523,0.4887168835374116,0.07490302663928139,0.4887168835374116,4.650256200574116,9.51523541997324
1328,0.4860362342312104,0.5510171275735359,0.5185266809023732,0.06498089334232554,0.5185266809023732,4.8794943893093246,9.410305330513982
1329,0.5208623173683538,0.5458386011838722,0.5333504592761129,0.02497628381551842,0.5333504592761129,5.092709782298231,9.548524227785018
1330,0.5245973169840846,0.5535747769549223,0.5390860469695035,0.02897745997083767,0.5390860469695035,4.8178228495339015,8.93702012251571
1331,0.5411919592305274,0.5516269564307217,0.5464094578306246,0.010434997200194251,0.5464094578306246,4.719877974979835,8.637987332281678
1332,0.5456637280043711,0.5460323138237781,0.5458480209140746,0.00036858581940701907,0.5458480209140746,4.616563718923856,8.457599078939554
1333,0.5635640860522235,0.5343635498121886,0.548963817932206,0.029200536240034936,0.548963817932206,4.648410714882352,8.46760854365889
1334,0.5441066432642946,0.5566298730752224,0.5503682581697584,0.012523229810927794,0.5503682581697584,4.428952192214627,8.04725222879503
1335,0.5590914397440345,0.5529768892742114,0.5560341645091229,0.006114550469823121,0.5560341645091229,4.461740973057938,8.024220916347549
1336,0.5637769526823221,0.5509093041589761,0.5573431284206491,0.012867648523345987,0.5573431284206491,4.439193607786263,7.964920318234956
1337,0.5610896937671904,0.5625380590895621,0.5618138764283762,0.001448365322371692,0.5618138764283762,4.782107349919298,8.511906790769617
1338,0.5580484026038701,0.5544717969377047,0.5562600997707874,0.0035766056661654666,0.5562600997707874,4.497501223167776,8.085248654399294
1339,0.5693101555650445,0.5335856708599587,0.5514479132125016,0.035724484705085824,0.5514479132125016,4.629202931767234,8.394633148214238
1340,0.5611081318881163,0.5332324363964417,0.547170284142279,0.027875695491674568,0.547170284142279,4.446776900127397,8.126861105218785
1341,0.5542441736504902,0.5147776868722838,0.534510930261387,0.03946648677820641,0.534510930261387,4.303579035461403,8.051433173418667
1342,0.5539778013523775,0.5228025450460143,0.5383901731991959,0.031175256306363197,0.5383901731991959,4.157427336981797,7.72195991668595
1343,0.5591154532142982,0.5172765353447276,0.5381959942795129,0.04183891786957061,0.5381959942795129,4.280792379361637,7.953965516024263
1344,0.5543543493422395,0.5496871641425046,0.552020756742372,0.004667185199734858,0.552020756742372,4.327523354728898,7.839421438184347
1345,0.5417716029501698,0.553505029152671,0.5476383160514204,0.011733426202501174,0.5476383160514204,4.2117989165531355,7.690840456381926
1346,0.540952670940724,0.5202613326881641,0.530607001814444,0.020691338252559865,0.530607001814444,4.40610800511477,8.303900985188296
1347,0.5638720771974988,0.5285391782182042,0.5462056277078515,0.03533289897929459,0.5462056277078515,4.358905057573858,7.9803371412813435
1348,0.526434541568931,0.524302353330841,0.525368447449886,0.002132188238090027,0.525368447449886,4.277447105162499,8.141804339269
1349,0.5393321773938492,0.5112114969053017,0.5252718371495755,0.028120680488547545,0.5252718371495755,4.379198938134523,8.337014529274125
1350,0.5358340156971774,0.49043923609444706,0.5131366258958122,0.045394779602730306,0.5131366258958122,4.387802388944482,8.550943681489198
1351,0.5738426012270692,0.507021911646357,0.5404322564367131,0.06682068958071219,0.5404322564367131,3.980432344492467,7.36527529044446
1352,0.5691962258106659,0.5088190016337664,0.5390076137222162,0.0603772241768995,0.5390076137222162,4.083943459815088,7.576782508901248
1353,0.5606920942847624,0.48449123907453034,0.5225916666796464,0.07620085521023207,0.5225916666796464,3.9577026459549156,7.573221882967806
1354,0.5542502088417388,0.5086496584902072,0.531449933665973,0.045600550351531655,0.531449933665973,3.9940618698549737,7.51540571715514
1355,0.5289968534480102,0.5167563477798421,0.5228766006139262,0.012240505668168034,0.5228766006139262,3.8740990863467957,7.409203398656762
1356,0.5522157332989278,0.5452614728030236,0.5487386030509758,0.0069542604959041965,0.5487386030509758,3.9247108940932782,7.1522412898818555
1357,0.5298074459337501,0.5035036328533444,0.5166555393935472,0.026303813080405636,0.5166555393935472,3.845375525367692,7.442822600685579
1358,0.5269923988824201,0.5160926484968926,0.5215425236896564,0.010899750385527485,0.5215425236896564,3.783904784827444,7.255218151835793
1359,0.4983451540812807,0.5501115012150107,0.5242283276481458,0.05176634713373002,0.5242283276481458,3.9196098633896295,7.476913506323171
1360,0.5048495252242949,0.5409019359308952,0.5228757305775951,0.03605241070660026,0.5228757305775951,3.864373803300327,7.390616120261584
1361,0.540042074675532,0.5543270611686184,0.5471845679220753,0.014284986493086405,0.5471845679220753,3.778946216035679,6.906163728970222
1362,0.4973553484317204,0.5224246364529767,0.5098899924423486,0.025069288021256242,0.5098899924423486,3.700487038638679,7.257422372448464
1363,0.5009688596821839,0.5174785249233087,0.5092236923027462,0.01650966524112485,0.5092236923027462,3.889883683663032,7.638850553226811
1364,0.5324714282787818,0.5699244325048748,0.5511979303918283,0.03745300422609299,0.5511979303918283,3.689943723101275,6.69440779735551
1365,0.5130919192664218,0.530751479968356,0.521921699617389,0.017659560701934196,0.521921699617389,3.87594658984094,7.426298988300973
1366,0.5127574304604995,0.5120237571238613,0.5123905937921804,0.0007336733366382076,0.5123905937921804,3.826192566255536,7.46733568611799
1367,0.5184678797298644,0.5349590588478911,0.5267134692888777,0.016491179118026666,0.5267134692888777,3.8086370465940997,7.230946745554442
1368,0.4975359771989702,0.5483115683549022,0.5229237727769362,0.050775591155932054,0.5229237727769362,3.7275113535733677,7.1282116966661855
1369,0.47258454183151927,0.5200984600667207,0.49634150094912,0.0475139182352014,0.49634150094912,3.720226165569979,7.4952953933049
1370,0.5041690416670978,0.5168601141227982,0.510514577894948,0.012691072455700447,0.510514577894948,3.7941599133246497,7.432030499441289
1371,0.47884796988180145,0.5565639590774588,0.5177059644796301,0.07771598919565736,0.5177059644796301,3.6852632862916628,7.118448577265068
1372,0.4765167442247782,0.5665490713713971,0.5215329077980877,0.0900323271466189,0.5215329077980877,3.706460574943053,7.106858492576685
1373,0.49054085566775185,0.5667273705903203,0.5286341131290361,0.07618651492256845,0.5286341131290361,3.82728027440488,7.23994191701107
1374,0.5644536009028912,0.5013772113534092,0.5329154061281502,0.06307638954948203,0.5329154061281502,3.7160078748782754,6.972978885854703
1375,0.5411232401438348,0.5597224271566514,0.5504228336502431,0.018599187012816598,0.5504228336502431,3.7964558912981254,6.897344476284061
1376,0.5271684413868302,0.5682169622113777,0.547692701799104,0.041048520824547574,0.547692701799104,3.823865959774401,6.981772711619976
1377,0.5375145020299488,0.5101730893632062,0.5238437956965775,0.027341412666742615,0.5238437956965775,3.450596067749041,6.587070604054088
1378,0.5695439653795006,0.5293659179417777,0.5494549416606391,0.04017804743772291,0.5494549416606391,3.6494079805137947,6.641869430610718
1379,0.5731598106302023,0.49481153844786857,0.5339856745390354,0.0783482721823337,0.5339856745390354,3.3222964804580886,6.221695897228085
1380,0.5104654756745923,0.478779341570342,0.4946224086224672,0.03168613410425031,0.4946224086224672,3.851015177284087,7.7857677091687725
1381,0.546171649659654,0.5076034268579489,0.5268875382588014,0.03856822280170513,0.5268875382588014,3.901510178678763,7.404825309727451
1382,0.5420427875053305,0.528463112629316,0.5352529500673233,0.013579674876014525,0.5352529500673233,4.037804476032517,7.543731380695142
1383,0.5487583435052698,0.5041793859072755,0.5264688647062726,0.04457895759799424,0.5264688647062726,3.5910226243971466,6.82095915852621
1384,0.5696821005177819,0.5169492583933253,0.5433156794555536,0.052732842124456614,0.5433156794555536,3.779415875268652,6.956206158187692
1385,0.5555331964176015,0.48250675027033,0.5190199733439658,0.07302644614727144,0.5190199733439658,3.6585193541937135,7.048898967456757
1386,0.558746118931126,0.4995403643224731,0.5291432416267996,0.059205754608652905,0.5291432416267996,3.65401713302444,6.905534920545368
1387,0.5231043503969506,0.5163653536835637,0.5197348520402572,0.006738996713386847,0.5197348520402572,3.7957852039244764,7.303310888280523
1388,0.5352336293996146,0.4958206130284621,0.5155271212140383,0.03941301637115252,0.5155271212140383,3.6674986966595635,7.114075178087243
1389,0.5355792818379307,0.5048239262318265,0.5202016040348786,0.030755355606104207,0.5202016040348786,3.8033579915946265,7.311315386370124
1390,0.5453228755856766,0.5018658904426867,0.5235943830141816,0.0434569851429899,0.5235943830141816,3.701575009684489,7.069546828168001
1391,0.5500337933231353,0.5001077155333543,0.5250707544282448,0.049926077789780976,0.5250707544282448,3.679234661218473,7.007121669202147
1392,0.5286129106624319,0.4884366970488131,0.5085248038556225,0.04017621361361878,0.5085248038556225,3.6829232100030618,7.2423669053686845
1393,0.514494035086357,0.5044670424653002,0.5094805387758286,0.010026992621056885,0.5094805387758286,3.6499608365288587,7.164082940830133
1394,0.5051541637129917,0.48991608825709576,0.49753512598504374,0.01523807545589595,0.49753512598504374,3.8120062433242468,7.661783147023148
1395,0.4994795887289251,0.49825210843941026,0.4988658485841677,0.0012274802895148595,0.4988658485841677,3.64192920855303,7.300417975873068
1396,0.5021518555052498,0.47267482917256204,0.4874133423389059,0.029477026332687728,0.4874133423389059,3.8024136393641514,7.801209587570698
1397,0.5158005554116077,0.49033605553900433,0.503068305475306,0.025464499872603408,0.503068305475306,3.6596207302961647,7.274600070140582
1398,0.5295681457482869,0.5044815398427593,0.5170248427955231,0.02508660590552758,0.5170248427955231,3.622277754765446,7.006003299918825
1399,0.5339645971986813,0.49378433257330534,0.5138744648859933,0.04018026462537594,0.5138744648859933,3.6157497450228964,7.036251053698642
1400,0.5163878643150392,0.48491154805017633,0.5006497061826078,0.031476316264862914,0.5006497061826078,3.7483226994065686,7.486916806537382
1401,0.5104463418610692,0.4965807273275663,0.5035135345943178,0.013865614533502879,0.5035135345943178,3.658291386215948,7.265527408639458
1402,0.5053850619678139,0.47306854515920294,0.4892268035635084,0.03231651680861092,0.4892268035635084,3.4867466667561593,7.127055675115992
1403,0.4933049693573055,0.5017917211512464,0.49754834525427594,0.008486751793940872,0.49754834525427594,3.515275906602163,7.065194649186611
1404,0.49799176104763815,0.5099522556715115,0.5039720083595748,0.01196049462387333,0.5039720083595748,3.6094634334575324,7.162031568392677
1405,0.49048101223782337,0.5190523283689995,0.5047666703034115,0.02857131613117614,0.5047666703034115,3.5603808383690843,7.053518086344659
1406,0.48981621411670406,0.5215285053077675,0.5056723597122358,0.031712291191063446,0.5056723597122358,3.5909670602518813,7.101371058318081
1407,0.5068034160834431,0.5137243109429138,0.5102638635131784,0.006920894859470672,0.5102638635131784,3.673540849314425,7.199296505188535
1408,0.5041208086563658,0.4990441766788419,0.5015824926676038,0.005076631977523893,0.5015824926676038,3.5941410151798907,7.1656030019407195
1409,0.5100189719905095,0.5333161009657726,0.5216675364781411,0.02329712897526315,0.5216675364781411,3.6040933435800637,6.908793611946528
1410,0.5169812813295822,0.5420524856647876,0.5295168834971848,0.025071204335205377,0.5295168834971848,3.4835441368632307,6.578721558142255
1411,0.5065149921561599,0.5088857736460495,0.5077003829011046,0.002370781489889562,0.5077003829011046,3.4447363585282664,6.784978846863051
1412,0.5049750899516747,0.5474937944843908,0.5262344422180327,0.04251870453271611,0.5262344422180327,3.4427908518168824,6.542313797070781
1413,0.5171871759117691,0.5585673222775757,0.5378772490946724,0.04138014636580656,0.5378772490946724,3.4301553735150887,6.377208516048135
1414,0.4944272001147955,0.5612972428650427,0.5278622214899191,0.06687004275024716,0.5278622214899191,3.4217484120824735,6.482275625682033
1415,0.5042244399750999,0.5413992776227243,0.5228118587989121,0.037174837647624415,0.5228118587989121,3.4499989157056534,6.5989301077285205
1416,0.4950454590373599,0.5315401667915414,0.5132928129144506,0.036494707754181455,0.5132928129144506,3.364054275391318,6.553869820016353
1417,0.4740731404160631,0.5435749880583699,0.5088240642372165,0.06950184764230682,0.5088240642372165,3.2456915045945047,6.378808968990401
1418,0.4929152588649142,0.5292995195243635,0.5111073891946388,0.036384260659449275,0.5111073891946388,3.1671342506662064,6.196612135967585
1419,0.5002484648339344,0.5595419297615034,0.5298951972977188,0.05929346492756904,0.5298951972977188,3.2453788425726406,6.124567384499697
1420,0.4864225364287164,0.5327669691683685,0.5095947527985425,0.04634443273965211,0.5095947527985425,3.222228773403242,6.323120000172141
1421,0.5020677258088923,0.5214898879891564,0.5117788068990243,0.019422162180264158,0.5117788068990243,3.3793612709898198,6.603167668208228
1422,0.4664647924654633,0.5296034862370892,0.4980341393512763,0.0631386937716259,0.4980341393512763,3.2749940105059148,6.575842400627033
1423,0.4588645646815419,0.5350521826223442,0.49695837365194306,0.07618761794080231,0.49695837365194306,3.25705510433166,6.553979723486495
1424,0.47409487863373306,0.5299660665157283,0.5020304725747307,0.05587118788199524,0.5020304725747307,3.4170067898153706,6.806373271110004
1425,0.4767404256280396,0.5467342594015424,0.511737342514791,0.06999383377350282,0.511737342514791,3.4336403792330086,6.7097709976749735
1426,0.5200482124399912,0.5168781865044535,0.5184631994722224,0.0031700259355377236,0.5184631994722224,3.6356101723176337,7.012282021209141
1427,0.5256756195240885,0.5933244258930255,0.5595000227085569,0.067648806368937,0.5595000227085569,3.4203264053840448,6.113183675714862
1428,0.5187925425134978,0.5764042154059127,0.5475983789597052,0.05761167289241487,0.5475983789597052,3.480010673307339,6.355041955964983
1429,0.497052692210606,0.5834662519699501,0.540259472090278,0.08641355975934406,0.540259472090278,3.33436034250097,6.171775812833494
1430,0.491249038000568,0.5585869596115285,0.5249179988060483,0.06733792161096047,0.5249179988060483,3.330350060320597,6.344514891650966
1431,0.4913860618963322,0.5611235807164725,0.5262548213064023,0.06973751882014029,0.5262548213064023,3.366806922549847,6.397674256345834
1432,0.506911240363336,0.5251931658047665,0.5160522030840513,0.01828192544143048,0.5160522030840513,3.228787754551916,6.256707626197328
1433,0.5274823161319717,0.5487165236459381,0.5380994198889549,0.02123420751396643,0.5380994198889549,3.3081181155266055,6.147782348862756
1434,0.5121658807269436,0.5352479750619923,0.5237069278944679,0.02308209433504871,0.5237069278944679,3.3565748627134164,6.409261905715708
1435,0.49053753056055943,0.5153670888649862,0.5029523097127728,0.024829558304426735,0.5029523097127728,3.1969505142233117,6.356369088053365
1436,0.47402008706187604,0.554331954098315,0.5141760205800956,0.080311867036439,0.5141760205800956,3.454931542754921,6.7193556378943
1437,0.512521459699791,0.5513309207185385,0.5319261902091648,0.03880946101874749,0.5319261902091648,3.3087776823955903,6.220369937217245
1438,0.5164627408474497,0.4786029588668075,0.4975328498571286,0.037859781980642215,0.4975328498571286,3.4227806963589216,6.8795069458063045
1439,0.5294720003852045,0.49843433706503953,0.513953168725122,0.031037663320164943,0.513953168725122,3.4417443414782407,6.69661080213904
1440,0.5469609012141206,0.5105302606891645,0.5287455809516426,0.03643064052495604,0.5287455809516426,3.1696095983256973,5.994583619254077
1441,0.5580395205698441,0.4728753681681849,0.5154574443690145,0.0851641524016592,0.5154574443690145,3.4626263064280383,6.717579393322631
1442,0.5440548253505575,0.49498367940163757,0.5195192523760975,0.049071145948919925,0.5195192523760975,3.4578627040511796,6.655889436697749
1443,0.5485712006596082,0.47350588942978533,0.5110385450446968,0.07506531122982285,0.5110385450446968,3.5302715399175826,6.908033795393683
1444,0.5509157210097526,0.4874062281469893,0.519160974578371,0.0635094928627633,0.519160974578371,3.5974486707858615,6.929351100990357
1445,0.5589270332897648,0.49713482372530177,0.5280309285075333,0.06179220956446302,0.5280309285075333,3.7194777165880413,7.044052754828312
1446,0.5594595390580399,0.471410626400065,0.5154350827290525,0.08804891265797493,0.5154350827290525,3.7019900450133,7.182262459537153
1447,0.5645514303102473,0.5038956342086977,0.5342235322594725,0.0606557961015497,0.5342235322594725,3.7651829941213832,7.047954211595144
1448,0.5029330942163628,0.49489928575355446,0.4989161899849586,0.008033808462808323,0.4989161899849586,3.8275736482464873,7.671776793536969
1449,0.5154013786172609,0.5164813640692679,0.5159413713432643,0.0010799854520070484,0.5159413713432643,3.938471384526237,7.633563818060069
1450,0.48948355573518365,0.49576478981716515,0.49262417277617443,0.006281234081981502,0.49262417277617443,3.971995680910021,8.062932962720673
1451,0.5308697026751213,0.4847838886726998,0.5078267956739105,0.046085814002421566,0.5078267956739105,4.016766344977623,7.909717209087365
1452,0.5995536607861444,0.45374365002546585,0.5266486554058051,0.1458100107606785,0.5266486554058051,3.5635537319997774,6.766472667159681
1453,0.5709224710452396,0.49270982514579714,0.5318161480955184,0.07821264589944249,0.5318161480955184,3.616775640148448,6.80080071487195
1454,0.5595247164618604,0.4988195254282327,0.5291721209450466,0.0607051910336277,0.5291721209450466,3.5593811799895203,6.726320301290314
1455,0.554275118056853,0.48796371290263457,0.5211194154797438,0.06631140515421846,0.5211194154797438,3.54571974321521,6.80404459686272
1456,0.5440127107596578,0.477949478956698,0.5109810948581779,0.06606323180295987,0.5109810948581779,3.5332055037837633,6.914552298190992
1457,0.5101147404946118,0.4895380750299986,0.4998264077623052,0.02057666546461323,0.4998264077623052,3.7918857513297737,7.586405384833173
1458,0.5361572347184663,0.48070672530675584,0.5084319800126111,0.05545050941171048,0.5084319800126111,3.826382320356089,7.525849023621959
1459,0.5297806468670406,0.4811770661832614,0.505478856525151,0.048603580683779235,0.505478856525151,3.527573411230822,6.978676488034869
1460,0.5296149907671082,0.48678197137314794,0.5081984810701281,0.042833019393960226,0.5081984810701281,3.1252211214095262,6.1496073636990385
1461,0.5246321615152483,0.507169081708073,0.5159006216116606,0.01746307980717532,0.5159006216116606,3.1812998761538505,6.166497466538321
1462,0.528091408903043,0.4688224863690112,0.4984569476360271,0.059268922534031765,0.4984569476360271,3.2178883621057093,6.455699689545523
1463,0.5335509511220284,0.49475662866080666,0.5141537898914176,0.038794322461221775,0.5141537898914176,3.1273064341950745,6.082433885891456
1464,0.5398146207474787,0.48773662745770885,0.5137756241025937,0.05207799328976981,0.5137756241025937,3.381658057905906,6.581974502610184
1465,0.5321948029620964,0.509297041032001,0.5207459219970487,0.022897761930095406,0.5207459219970487,3.326694341129903,6.388325286105181
1466,0.5166943271766993,0.4925756351659513,0.5046349811713253,0.024118692010747955,0.5046349811713253,3.2332397059707385,6.40708596630768
1467,0.5165168849664525,0.48772211918503255,0.5021195020757425,0.028794765781419984,0.5021195020757425,3.2428303463006203,6.458283999914135
1468,0.5191185273320503,0.48637832642448225,0.5027484268782663,0.03274020090756807,0.5027484268782663,3.2957697713851157,6.555504891083711
1469,0.5172730500639817,0.5027321014970464,0.510002575780514,0.01454094856693533,0.510002575780514,3.639077848937849,7.135410724874401
1470,0.5361428250352676,0.48567693485568225,0.5109098799454749,0.050465890179585304,0.5109098799454749,3.4574339799206997,6.767209082528767
1471,0.5262632338943379,0.4671281629459363,0.4966956984201371,0.05913507094840165,0.4966956984201371,3.1615548816754035,6.365174676832328
1472,0.4987305577370076,0.46454127941376994,0.4816359185753888,0.03418927832323765,0.4816359185753888,3.3238534870679923,6.901174432545402
1473,0.5057705758887537,0.4581610440793932,0.48196580998407346,0.04760953180936056,0.48196580998407346,3.257953792843826,6.759719725661629
1474,0.5269185057963592,0.44612851576964385,0.48652351078300154,0.08078999002671539,0.48652351078300154,3.368945746148306,6.924528150194406
1475,0.5165076308308537,0.47644787829222807,0.49647775456154086,0.04005975253862565,0.49647775456154086,3.2626906825049566,6.571675472925001
1476,0.49220859148512414,0.4540354443377383,0.4731220179114312,0.038173147147385844,0.4731220179114312,3.307185125755094,6.990131510586771
1477,0.5318196383428193,0.47064522020022054,0.5012324292715199,0.061174418142598774,0.5012324292715199,3.1425292520970647,6.26960481520389
1478,0.5346951975956233,0.48029162398926534,0.5074934107924444,0.054403573606358,0.5074934107924444,3.27720231000186,6.4576253411537925
1479,0.5194598308139304,0.42176372328370737,0.4706117770488189,0.09769610753022306,0.4706117770488189,3.351026930748545,7.120576012276306
1480,0.5208155272926288,0.44102997716317466,0.4809227522279017,0.07978555012945415,0.4809227522279017,3.3366020748091367,6.937916867838213
1481,0.5069728329229309,0.4284059759202266,0.4676894044215788,0.07856685700270433,0.4676894044215788,3.576024298773765,7.646152050839086
1482,0.5071278190668357,0.46886156452045913,0.4879946917936474,0.038266254546376555,0.4879946917936474,3.8089240581740462,7.80525715182304
1483,0.5063773543879684,0.48764363924711085,0.4970104968175396,0.018733715140857532,0.4970104968175396,3.5353942936888787,7.113319167958696
1484,0.5103781073725877,0.4902061115230259,0.5002921094478068,0.020171995849561808,0.5002921094478068,3.440816338767715,6.877614645103012
1485,0.49405220300070585,0.47558515087697295,0.4848186769388394,0.018467052123732897,0.4848186769388394,3.2965618605675786,6.799576867339714
1486,0.4751477804359736,0.4569459858666646,0.4660468831513191,0.018201794569309038,0.4660468831513191,3.5053264379630056,7.521403027653923
1487,0.46968816301006994,0.4687308368327324,0.46920949992140115,0.0009573261773375141,0.46920949992140115,3.2888559340093346,7.009354956709662
1488,0.4770948492898704,0.4841572682798921,0.48062605878488124,0.0070624189900216905,0.48062605878488124,3.606809136142954,7.504397795786788
1489,0.4789693581817678,0.43894619577540406,0.4589577769785859,0.04002316240636372,0.4589577769785859,4.019407373354347,8.757684421026566
1490,0.4683102145649862,0.46574684956032825,0.46702853206265726,0.0025633650046579803,0.46702853206265726,3.6297488426594082,7.772006619442333
1491,0.5231795096195774,0.528989559432607,0.5260845345260922,0.005810049813029572,0.5260845345260922,3.6713811775484912,6.978690565111836
1492,0.5317168489754062,0.49357373500939716,0.5126452919924016,0.038143113966009,0.5126452919924016,3.813623555425442,7.439107731983165
1493,0.5437766511715229,0.51277136599764,0.5282740085845814,0.0310052851738829,0.5282740085845814,3.5788407438363548,6.774591756700728
1494,0.534814623458905,0.4938960467544279,0.5143553351066664,0.04091857670447707,0.5143553351066664,3.6058276096541064,7.010382440976011
1495,0.47108096031198554,0.3961818111842432,0.4336313857481144,0.07489914912774231,0.4336313857481144,3.835601083061974,8.845303197887015
1496,0.4746160068191099,0.46007479581444527,0.4673454013167776,0.014541211004664656,0.4673454013167776,4.476134001816078,9.577785486289722
1497,0.513792150692301,0.43971626080600246,0.4767542057491517,0.07407588988629854,0.4767542057491517,4.279919209023506,8.977202838301592
1498,0.5306841817028976,0.4571932941156609,0.4939387379092792,0.07349088758723665,0.4939387379092792,4.590309879372112,9.293277742907474
1499,0.5338266516331469,0.46183383723818683,0.49783024443566687,0.07199281439496008,0.49783024443566687,4.553267135734863,9.146224414099992
1500,0.5210256947992146,0.4496470029767829,0.4853363488879987,0.07137869182243167,0.4853363488879987,4.450648121989077,9.17023448209966
1501,0.5211611893577285,0.4928783214265574,0.507019755392143,0.028282867931171074,0.507019755392143,3.7157257851322685,7.3285621430242385
1502,0.5019318792882307,0.5086205139647667,0.5052761966264987,0.0066886346765360205,0.5052761966264987,4.0262781775809104,7.968469926868818
1503,0.49738233577874147,0.5237665524194731,0.5105744440991073,0.02638421664073165,0.5105744440991073,3.8863737614310168,7.611767111235663
1504,0.5059520046470527,0.48695682803125634,0.49645441633915455,0.01899517661579636,0.49645441633915455,3.795238375505383,7.644686502119165
1505,0.4935960295696307,0.4762398013266196,0.4849179154481251,0.01735622824301114,0.4849179154481251,4.022506418116848,8.295231605125469
1506,0.5042081458059603,0.5078847264201146,0.5060464361130375,0.0036765806141543234,0.5060464361130375,4.249912922757992,8.398266679638612
1507,0.4950349888895296,0.4811623480404696,0.4880986684649996,0.013872640849060036,0.4880986684649996,4.361586283834733,8.935870072236208
1508,0.5083162142421233,0.471298294198182,0.4898072542201526,0.03701792004394128,0.4898072542201526,4.378513086313572,8.939257327425313
1509,0.49683977135979934,0.48540263557423585,0.4911212034670176,0.01143713578556349,0.4911212034670176,4.133214282825074,8.415874235620636
1510,0.519329720295166,0.49713835092988196,0.508234035612524,0.02219136936528404,0.508234035612524,4.195535616607051,8.255125242744889
1511,0.5637128504728157,0.5201718755044339,0.5419423629886249,0.04354097496838183,0.5419423629886249,4.304027053265238,7.941853870824964
1512,0.5231055254625411,0.4901767422014207,0.506641133831981,0.032928783261120365,0.506641133831981,4.385212051884173,8.65545996772235
1513,0.541142211776467,0.48658886341711904,0.5138655375967931,0.054553348359348,0.5138655375967931,3.984625951374775,7.754219070634251
1514,0.5111415157148087,0.4414451126183742,0.4762933141665915,0.06969640309643449,0.4762933141665915,3.906056630765131,8.20094784996063
1515,0.5238413492931794,0.5217355119210177,0.5227884306070986,0.002105837372161634,0.5227884306070986,3.8072683225855615,7.282617785103421
1516,0.5443300879433162,0.5249365502661475,0.5346333191047319,0.01939353767716867,0.5346333191047319,4.016928647265124,7.513427434697965
1517,0.5263208026234553,0.49614451826948724,0.5112326604464712,0.03017628435396802,0.5112326604464712,3.8490743383229713,7.529007115784595
1518,0.5655649427119213,0.519299476061854,0.5424322093868876,0.046265466650067255,0.5424322093868876,3.717982023437737,6.854279593094556
1519,0.576187497443606,0.5099577784249739,0.54307263793429,0.06622971901863206,0.54307263793429,4.342705303410057,7.996545949964634
1520,0.5531000520300489,0.5222828892609547,0.5376914706455018,0.030817162769094186,0.5376914706455018,4.872712315853388,9.062283078442118
1521,0.5306593310035752,0.502335019141089,0.5164971750723322,0.028324311862486184,0.5164971750723322,4.739243769752886,9.175739962351557
1522,0.5250164172352672,0.4940158365218948,0.5095161268785809,0.03100058071337236,0.5095161268785809,4.988990685557983,9.791624685408383
1523,0.5016467066450169,0.4755339396376467,0.4885903231413318,0.026112767007370197,0.4885903231413318,4.684155815738858,9.587082661855952
1524,0.4900067375410393,0.4769044724270546,0.48345560498404694,0.013102265113984712,0.48345560498404694,5.186683977652585,10.72835628376619
1525,0.47353314828486004,0.49462641884211106,0.4840797835634856,0.02109327055725102,0.4840797835634856,5.039517408873849,10.41050996134593
1526,0.4719136060693612,0.4801170549094638,0.4760153304894125,0.0082034488401026,0.4760153304894125,4.777552439920805,10.036551627462902
1527,0.5101515117025888,0.47434550346081783,0.4922485075817033,0.03580600824177094,0.4922485075817033,4.381715940146435,8.901430624285151
1528,0.5302582227627108,0.4839350455444062,0.5070966341535585,0.046323177218304645,0.5070966341535585,4.381306979393799,8.639984342840375
1529,0.5250847010465082,0.4643891583760924,0.4947369297113003,0.06069554267041577,0.4947369297113003,4.682679715436132,9.464989238156674
1530,0.5420538700125818,0.4905148911069577,0.5162843805597697,0.05153897890562409,0.5162843805597697,5.013122307212661,9.710001882639363
1531,0.5350503110941361,0.4680750793050748,0.5015626951996055,0.06697523178906134,0.5015626951996055,4.586774660372198,9.144967726411176
1532,0.5375648240725956,0.4609153278359273,0.49924007595426145,0.07664949623666834,0.49924007595426145,4.187537973089688,8.387824164727782
1533,0.5433177150729148,0.4593831110955861,0.5013504130842504,0.08393460397732871,0.5013504130842504,4.212798516279331,8.402902254259004
1534,0.5586432722968745,0.4977661899393714,0.5282047311181229,0.06087708235750311,0.5282047311181229,4.298498868669201,8.137940869196651
1535,0.5596746671126316,0.45985456679669084,0.5097646169546612,0.09982010031594074,0.5097646169546612,4.140742025355799,8.12285099364611
1536,0.5489925533771556,0.4748021019740002,0.5118973276755778,0.07419045140315539,0.5118973276755778,4.311182050248089,8.421966314659805
1537,0.5782288975196843,0.4364451989349835,0.5073370482273339,0.1417836985847008,0.5073370482273339,4.3135857330627605,8.50240633546217
1538,0.5897907809392003,0.46001363461440165,0.524902207776801,0.1297771463247987,0.524902207776801,4.390543089624961,8.364497280780935
1539,0.5783701084964067,0.4796684774311127,0.5290192929637597,0.098701631065294,0.5290192929637597,4.462738177626743,8.435870368025428
1540,0.5632905746697628,0.47330693410151964,0.5182987543856412,0.0899836405682432,0.5182987543856412,4.306825902573673,8.309543224117359
1541,0.5727213250762049,0.46280337646786596,0.5177623507720355,0.10991794860833892,0.5177623507720355,4.436146109924127,8.567919438926737
1542,0.5726992567790237,0.474875741315868,0.5237874990474458,0.09782351546315565,0.5237874990474458,4.266149730640245,8.14481013464166
1543,0.5396727061587698,0.48999745551904467,0.5148350808389073,0.049675250639725166,0.5148350808389073,4.32910371692795,8.408719370626054
1544,0.560185327242605,0.4955022731799167,0.5278438002112609,0.06468305406268826,0.5278438002112609,4.416991018414138,8.367988819128518
1545,0.5618823900699454,0.49206478039275825,0.5269735852313518,0.0698176096771872,0.5269735852313518,4.485506930714946,8.51182498786105
1546,0.5480375910973003,0.4949570344720932,0.5214973127846968,0.05308055662520711,0.5214973127846968,4.377544794339286,8.394184758046071
1547,0.5239615978747211,0.4615690505407328,0.4927653242077269,0.0623925473339883,0.4927653242077269,4.50531905800149,9.14293039033375
1548,0.5199442006537022,0.45597280819679714,0.4879585044252497,0.06397139245690503,0.4879585044252497,4.550451660403152,9.325488989607795
1549,0.5308505602772566,0.49009566345101857,0.5104731118641376,0.04075489682623806,0.5104731118641376,4.396246034102435,8.61210107237244
1550,0.5290529888411832,0.48504643103281175,0.5070497099369975,0.04400655780837148,0.5070497099369975,4.42957292149899,8.735973682046636
1551,0.529086975231552,0.4893925700267544,0.5092397726291532,0.03969440520479761,0.5092397726291532,4.241527686857492,8.32913671483065
1552,0.5398935488801093,0.4989927768705844,0.5194431628753469,0.04090077200952491,0.5194431628753469,4.246668836254877,8.175425416608995
1553,0.5356106526451266,0.4826625094686242,0.5091365810568754,0.05294814317650243,0.5091365810568754,4.087868443143137,8.029021278843215
1554,0.5222691528741544,0.5030637107679329,0.5126664318210437,0.01920544210622155,0.5126664318210437,4.210702694914387,8.213338017778032
1555,0.5391553297293324,0.48688564851320615,0.5130204891212693,0.052269681216126296,0.5130204891212693,4.089748092243441,7.971900107242488
1556,0.5316559806603024,0.5045915203469586,0.5181237505036305,0.027064460313343752,0.5181237505036305,4.284983761762058,8.270193670135633
1557,0.5262410635960483,0.45764391123507236,0.49194248741556035,0.06859715236097591,0.49194248741556035,4.357232245405243,8.857198467032473
1558,0.5607885653164826,0.5198846720290514,0.5403366186727669,0.04090389328743116,0.5403366186727669,4.3956351649761904,8.134994026081785
1559,0.5563817885412103,0.5184166213653045,0.5373992049532574,0.03796516717590581,0.5373992049532574,4.455688693433589,8.29120819749099
1560,0.566120293297089,0.4985263985056602,0.5323233459013746,0.0675938947914288,0.5323233459013746,4.856670275853303,9.12353424520501
1561,0.5447677606115396,0.48355043499987793,0.5141590978057088,0.06121732561166171,0.5141590978057088,4.548431198423268,8.846349734614705
1562,0.545717423219813,0.490556215818683,0.518136819519248,0.05516120740113001,0.518136819519248,4.6146005506759,8.906142888971964
1563,0.558999749501086,0.5156140898974061,0.537306919699246,0.043385659603679905,0.537306919699246,4.406938804020733,8.20190219490843
1564,0.5541987299390053,0.5119966620488063,0.5330976959939058,0.04220206789019898,0.5330976959939058,4.3018859932383675,8.069601548770425
1565,0.5609908091300875,0.5394708159796257,0.5502308125548565,0.021519993150461825,0.5502308125548565,4.460793702917926,8.107131772947007
1566,0.5378402289168174,0.5261461363030981,0.5319931826099578,0.011694092613719231,0.5319931826099578,4.401257283849922,8.273146024648964
1567,0.5487784900688585,0.5433890169007912,0.5460837534848249,0.00538947316806726,0.5460837534848249,4.358864460091982,7.98204383901912
1568,0.5462761136633292,0.5267231852627742,0.5364996494630516,0.019552928400555003,0.5364996494630516,4.146192992626097,7.72823057158706
1569,0.572354763322262,0.4857719628641646,0.5290633630932133,0.08658280045809741,0.5290633630932133,4.311700481430518,8.149686374467132
1570,0.5674123752895214,0.45192764352276515,0.5096700094061433,0.11548473176675622,0.5096700094061433,4.938865590868345,9.690320206643133
1571,0.6083607346884448,0.4342857759192264,0.5213232553038356,0.17407495876921836,0.5213232553038356,4.769848335378851,9.149502322889674
1572,0.6441516157700915,0.47784336272059474,0.5609974892453431,0.16630825304949676,0.5609974892453431,4.762038411137821,8.488520006646985
1573,0.6030544843788297,0.45736126867562443,0.5302078765272271,0.14569321570320526,0.5302078765272271,4.559289336700694,8.599059988628
1574,0.6049151367046938,0.45166869671165016,0.528291916708172,0.1532464399930436,0.528291916708172,5.114930366890976,9.682015198647187
1575,0.627645981452585,0.4267088771577507,0.5271774293051679,0.2009371042948343,0.5271774293051679,5.102085708257061,9.67811864590206
1576,0.5942806670943835,0.4612824542090862,0.5277815606517349,0.13299821288529734,0.5277815606517349,4.906450008970254,9.296364963776849
1577,0.587784246537088,0.504318085302187,0.5460511659196375,0.08346616123490103,0.5460511659196375,5.106574374044666,9.35182395489327
1578,0.5308974176676046,0.49571437617078007,0.5133058969191924,0.035183041496824496,0.5133058969191924,5.41660907562513,10.552399861632303
1579,0.519546514564942,0.49674105858731266,0.5081437865761274,0.022805455977629396,0.5081437865761274,5.845445439280785,11.503526351600978
1580,0.5319115999713429,0.5105185663244846,0.5212150831479136,0.021393033646858295,0.5212150831479136,5.947586862285952,11.41100297091385
1581,0.5215850798209815,0.47730072939341867,0.4994429046072001,0.04428435042756279,0.4994429046072001,6.130776470343584,12.275229888720299
1582,0.49658620981610385,0.49010633486899835,0.49334627234255113,0.006479874947105502,0.49334627234255113,5.446994382546997,11.04091525143808
1583,0.5046401098554348,0.5018335070770532,0.503236808466244,0.0028066027783816283,0.503236808466244,5.238483329038243,10.409579031001325
1584,0.5163819302827735,0.5126865934061082,0.5145342618444408,0.003695336876665234,0.5145342618444408,5.183602036105908,10.074357376172292
1585,0.5428246578980879,0.5119493447983674,0.5273870013482276,0.03087531309972047,0.5273870013482276,5.418624852775331,10.27447555385893
1586,0.547894243869077,0.5211214873468131,0.534507865607945,0.026772756522263963,0.534507865607945,5.523343038020984,10.333511241670461
1587,0.5546793688104821,0.4975064805562898,0.526092924683386,0.057172888254192256,0.526092924683386,5.397751578848976,10.260072556758788
1588,0.5505441345971278,0.4763879084220829,0.5134660215096054,0.07415622617504491,0.5134660215096054,5.1376293333448295,10.005782501907422
1589,0.5481141926810617,0.5037785986777192,0.5259463956793904,0.044335594003342416,0.5259463956793904,5.032033145107043,9.56757796316281
1590,0.5533287045667163,0.46664364213876985,0.5099861733527431,0.08668506242794649,0.5099861733527431,4.772273168264635,9.357652065135083
1591,0.562294338095908,0.43386784484084195,0.498081091468375,0.12842649325506605,0.498081091468375,4.224536876857688,8.481624677627257
1592,0.5490057751050902,0.4447260120598462,0.4968658935824682,0.104279763045244,0.4968658935824682,4.379525877438945,8.814301673761484
1593,0.5566816989908389,0.45414847410765374,0.5054150865492463,0.10253322488318511,0.5054150865492463,4.5190180475371005,8.94120133688724
1594,0.551799569295402,0.4494438033518722,0.500621686323637,0.1023557659435298,0.500621686323637,4.517629643345609,9.024039043376751
1595,0.5714272429061804,0.4690102030573355,0.520218722981758,0.10241703984884493,0.520218722981758,4.653088679181902,8.944485220584934
1596,0.5532533781581706,0.4597810525293127,0.5065172153437416,0.09347232562885788,0.5065172153437416,4.483270700865241,8.851171421336044
1597,0.562333901194173,0.45529706251545,0.5088154818548115,0.10703683867872305,0.5088154818548115,4.510714915265853,8.865129061762644
1598,0.557366438890836,0.46400520068885287,0.5106858197898445,0.09336123820198317,0.5106858197898445,4.5848768081592715,8.977881567273638
1599,0.5432774088239599,0.4738082237238108,0.5085428162738854,0.0694691851001491,0.5085428162738854,4.7087920260498155,9.259381659446754
1600,0.5480547974287627,0.46731970540476697,0.5076872514167649,0.08073509202399576,0.5076872514167649,4.6282105405048455,9.11626306862984
1601,0.5340357901546499,0.478511647465268,0.5062737188099589,0.05552414268938188,0.5062737188099589,4.707710830289501,9.298746222409868
1602,0.5235276210318198,0.5057991314856886,0.5146633762587542,0.017728489546131265,0.5146633762587542,4.642397479573859,9.020260025729572
1603,0.5450500354795459,0.4773955355839087,0.5112227855317273,0.06765449989563721,0.5112227855317273,4.872336809503412,9.530750481779977
1604,0.547873564112578,0.4886881292695342,0.5182808466910561,0.05918543484304384,0.5182808466910561,4.778246951518782,9.21941642649022
1605,0.5570160115560518,0.47415298737640477,0.5155844994662283,0.08286302417964708,0.5155844994662283,4.422570686890879,8.577780541248728
1606,0.5673951794700477,0.465226624605925,0.5163109020379864,0.10216855486412268,0.5163109020379864,4.639210695037319,8.985304545624333
1607,0.5651667441604191,0.4831022251896026,0.5241344846750109,0.08206451897081651,0.5241344846750109,4.462193128085581,8.513450762264497
1608,0.5478064235257822,0.4887109570506113,0.5182586902881967,0.059095466475170944,0.5182586902881967,4.402420621894724,8.494639268753211
1609,0.5507592037689722,0.4597775051748619,0.5052683544719171,0.09098169859411037,0.5052683544719171,4.599752160087561,9.1035825208072
1610,0.5311864455656545,0.4705585580962265,0.5008725018309406,0.06062788746942804,0.5008725018309406,4.7269448871081705,9.43742143924614
1611,0.5446133801072985,0.5010399719334241,0.5228266760203613,0.04357340817387445,0.5228266760203613,5.462326785496649,10.44768187246039
1612,0.5406715443351904,0.4877426326008058,0.5142070884679981,0.052928911734384576,0.5142070884679981,5.307883477011345,10.322462673210861
1613,0.5370019220272559,0.48870874333961256,0.5128553326834342,0.04829317868764338,0.5128553326834342,5.455383006538878,10.637274605285768
1614,0.5385394029911993,0.45654615745450555,0.4975427802228524,0.08199324553669374,0.4975427802228524,5.049942526717157,10.149765462289006
1615,0.5362100150961067,0.5056007398956751,0.5209053774958909,0.03060927520043155,0.5209053774958909,4.992783914936353,9.584819298540909
1616,0.5410280980169492,0.5114734577763571,0.5262507778966532,0.029554640240592067,0.5262507778966532,5.156686582036484,9.798914887398361
1617,0.5376737814056388,0.48781912549593903,0.512746453450789,0.049854655909699785,0.512746453450789,4.941988529826251,9.638269551289174
1618,0.5111790681872456,0.4695785029356743,0.49037878556146,0.04160056525157124,0.49037878556146,4.812964458020287,9.814789301110723
1619,0.5197628278779137,0.49331957034377516,0.5065411991108444,0.026443257534138565,0.5065411991108444,4.75551846796034,9.388216548442507
1620,0.5255424009695491,0.4996932359647857,0.5126178184671674,0.025849165004763364,0.5126178184671674,4.920437581302833,9.598647187130469
1621,0.5347337663177297,0.5139722188621575,0.5243529925899436,0.020761547455572238,0.5243529925899436,4.883557152032387,9.313491523927363
1622,0.5342977929393782,0.4983644807290768,0.5163311368342275,0.03593331221030138,0.5163311368342275,4.88009020598741,9.451473788523826
1623,0.539247952612148,0.5034081176850654,0.5213280351486067,0.03583983492708254,0.5213280351486067,4.78960322033958,9.187311821767429
1624,0.5236039210662057,0.5024050993940694,0.5130045102301375,0.02119882167213627,0.5130045102301375,5.609871225526255,10.935325350277381
1625,0.5300099764146383,0.5049930380307306,0.5175015072226845,0.025016938383907728,0.5175015072226845,5.332669459296006,10.30464527130608
1626,0.5369366559477576,0.4947942082389461,0.5158654320933519,0.04214244770881154,0.5158654320933519,4.889810910951807,9.478849728521718
1627,0.5174553797323189,0.4889384358850923,0.5031969078087056,0.02851694384722664,0.5031969078087056,4.688021917225,9.31647600467209
1628,0.5096516825220473,0.48006121523445167,0.4948564488782495,0.029590467287595623,0.4948564488782495,4.678470153541119,9.454196594075654
1629,0.5347814440422244,0.4840445645368942,0.5094130042895593,0.05073687950533018,0.5094130042895593,4.565279636075148,8.961843528988835
1630,0.5104443401931056,0.4683918500882931,0.48941809514069934,0.04205249010481249,0.48941809514069934,4.672177988201637,9.546394043437372
1631,0.5051621377295138,0.45960575704427625,0.48238394738689505,0.04555638068523754,0.48238394738689505,4.663592746378543,9.667802528756452
1632,0.5186859487898828,0.42334859764845423,0.47101727321916853,0.0953373511414286,0.47101727321916853,4.9174386254336495,10.440038837271095
1633,0.5198207203920366,0.4495964215021075,0.4847085709470721,0.07022429888992915,0.4847085709470721,5.049338354260576,10.417266491481001
1634,0.4887600197535919,0.5330482141400544,0.5109041169468231,0.04428819438646253,0.5109041169468231,4.922848846135231,9.635563078947786
1635,0.5334161524880277,0.4755213834260943,0.504468767957061,0.05789476906193336,0.504468767957061,5.1353765554166655,10.179771041551922
1636,0.5467837341918034,0.5166497846177213,0.5317167594047623,0.03013394957408211,0.5317167594047623,4.649724113920767,8.74473868216222
1637,0.5571915091563344,0.4863951221934278,0.5217933156748811,0.07079638696290663,0.5217933156748811,5.114397942942768,9.801578113985359
1638,0.5278347666410047,0.4702108979416291,0.49902283229131694,0.05762386869937558,0.49902283229131694,5.369803594742859,10.760637083651721
1639,0.5325405697053196,0.4841723639937401,0.5083564668495298,0.048368205711579515,0.5083564668495298,5.237439386593889,10.302690588460903
1640,0.5225956643750231,0.48925605952489526,0.5059258619499591,0.03333960485012788,0.5059258619499591,4.785222711170498,9.45834769688805
1641,0.5307543571282693,0.5138203587565516,0.5222873579424105,0.016933998371717718,0.5222873579424105,5.353108769390853,10.249355432380785
1642,0.5103982399140592,0.5088356208374956,0.5096169303757774,0.0015626190765636316,0.5096169303757774,4.551980278967892,8.932160624277902
1643,0.4823165026987889,0.5173856030359408,0.49985105286736486,0.03506910033715194,0.49985105286736486,4.7550513491512705,9.512936547545936
1644,0.5121063647800183,0.5176651092679081,0.5148857370239632,0.005558744487889844,0.5148857370239632,4.6563134750035164,9.043391844406068
1645,0.5213688501248953,0.49953388511880337,0.5104513676218494,0.021834965006091944,0.5104513676218494,4.3630527605294755,8.547440632506436
1646,0.5177384596625748,0.5034202791871514,0.510579369424863,0.014318180475423437,0.510579369424863,4.507629970143071,8.828460842866889
1647,0.5201175807673356,0.4906686011916287,0.5053930909794822,0.029448979575706913,0.5053930909794822,4.338615159975516,8.584634886019158
1648,0.5131692851825689,0.49065029072592714,0.501909787954248,0.02251899445664174,0.501909787954248,4.1979343013187655,8.363921967788825
1649,0.5284418178852661,0.5171823605169403,0.5228120892011032,0.011259457368325787,0.5228120892011032,4.042940253305387,7.733065735880952
1650,0.5287271548104117,0.5100136458763149,0.5193704003433632,0.018713508934096734,0.5193704003433632,4.119162086864723,7.9310682398178365
1651,0.5446757259418492,0.5338252861838211,0.5392505060628352,0.01085043975802813,0.5392505060628352,4.39056370055841,8.141974186755435
1652,0.5435377490394641,0.48026849658658144,0.5119031228130227,0.06326925245288262,0.5119031228130227,4.230123061377687,8.263522672282617
1653,0.501500476208541,0.4768896737600315,0.48919507498428627,0.024610802448509494,0.48919507498428627,4.366501847116717,8.925890857051199
1654,0.5014817819011693,0.47251383160033245,0.4869978067507509,0.028967950300836875,0.4869978067507509,4.250224177205071,8.727399011429979
1655,0.4962997068148868,0.45803906209339446,0.4771693844541406,0.03826064472149232,0.4771693844541406,4.123768368382042,8.642147846722061
1656,0.505305710239034,0.4233212679062598,0.4643134890726469,0.08198444233277424,0.4643134890726469,5.06426380505186,10.906992633719286
1657,0.5048756568994383,0.43737335801031585,0.47112450745487705,0.0675022988891224,0.47112450745487705,5.321133356952294,11.294537373354403
1658,0.49375761798365075,0.4432987902541311,0.46852820411889096,0.05045882772951965,0.46852820411889096,4.838507614672543,10.327035965255897
1659,0.5127458395174488,0.4193884257600954,0.4660671326387721,0.0933574137573534,0.4660671326387721,4.254348963461823,9.128189193206163
1660,0.5050532782783138,0.41729258131019864,0.4611729297942562,0.08776069696811517,0.4611729297942562,4.2552408759109275,9.226996211181183
1661,0.5099373484144207,0.46357069131643486,0.48675401986542777,0.046366657097985875,0.48675401986542777,4.145454796642331,8.516529145025693
1662,0.5098373927544126,0.517125112526189,0.5134812526403008,0.007287719771776335,0.5134812526403008,4.214421629559835,8.2075472237583
1663,0.5109599119993182,0.5020286153820238,0.5064942636906711,0.008931296617294415,0.5064942636906711,4.185984076366598,8.264622872260375
1664,0.5262928961029941,0.4963018143132818,0.5112973552081379,0.029991081789712326,0.5112973552081379,4.1802247635605,8.175721468105037
1665,0.5118390131573587,0.5263700019322962,0.5191045075448275,0.014530988774937525,0.5191045075448275,4.171750022073623,8.036435749333904
1666,0.5321636947801501,0.45363901765806214,0.49290135621910613,0.078524677122088,0.49290135621910613,4.2476609468540625,8.617669424642196
1667,0.5154827999240024,0.4925004845386257,0.503991642231314,0.02298231538537665,0.503991642231314,4.390101499631526,8.710663296310432
1668,0.5172445047854419,0.47181117712579146,0.4945278409556167,0.04543332765965047,0.4945278409556167,4.393918492314192,8.885078105660266
1669,0.528326806569098,0.49781665725819757,0.5130717319136477,0.03051014931090046,0.5130717319136477,3.6553941886798307,7.1245285236159726
1670,0.5134096716998917,0.47030767144206664,0.4918586715709792,0.04310200025782507,0.4918586715709792,3.752610401240992,7.6294484943312835
1671,0.517056062187126,0.4361473215903802,0.4766016918887531,0.08090874059674574,0.4766016918887531,4.226489664772913,8.867970333935464
1672,0.531064323370214,0.5116136661746918,0.5213389947724529,0.019450657195522192,0.5213389947724529,3.3267834709416575,6.381228920721128
1673,0.5581545249729108,0.3508485127473893,0.4545015188601501,0.20730601222552153,0.4545015188601501,3.5429475122120575,7.795238002938821
1674,0.5500295125979394,0.43084675491319446,0.49043813375556694,0.11918275768474496,0.49043813375556694,3.471147134320935,7.077645263308471
1675,0.5119100564285207,0.4369876071285571,0.4744488317785389,0.07492244929996361,0.4744488317785389,3.492416194841757,7.360996509886932
1676,0.5417291508613249,0.38342957009987644,0.46257936048060067,0.15829958076144846,0.46257936048060067,4.547928914321117,9.831672795768512
1677,0.5206766656001445,0.4095971995100442,0.46513693255509436,0.11107946609010028,0.46513693255509436,4.524664151366261,9.72759597160203
1678,0.5615144169651589,0.41429743827762383,0.4879059276213914,0.14721697868753508,0.4879059276213914,4.750763276514166,9.737047671617338
1679,0.5225369809572724,0.4883632571684259,0.5054501190628491,0.03417372378884653,0.5054501190628491,4.538661920087505,8.979445743335862
1680,0.5309649789257517,0.4884623200988543,0.509713649512303,0.042502658826897355,0.509713649512303,4.67572011568042,9.173229165344456
1681,0.553152247372382,0.4515060270586818,0.5023291372155319,0.10164622031370019,0.5023291372155319,3.9439187957201147,7.851264247942514
1682,0.5711368866067641,0.4646299357721446,0.5178834111894544,0.10650695083461947,0.5178834111894544,3.868011127833916,7.468884007985541
1683,0.5731772649215274,0.4573224500256958,0.5152498574736116,0.1158548148958316,0.5152498574736116,4.04176492407849,7.844281498487339
1684,0.5619630148671104,0.4156611108347666,0.4888120628509385,0.14630190403234383,0.4888120628509385,4.4201136899171685,9.04256262445198
1685,0.5924429427912408,0.45613309658157675,0.5242880196864088,0.13630984620966402,0.5242880196864088,4.943585689250535,9.429141051530094
1686,0.5532590234427462,0.5163168819292402,0.5347879526859932,0.036942141513506055,0.5347879526859932,4.3702460698118015,8.171923185371083
1687,0.5657540352837097,0.5354879858565987,0.5506210105701542,0.030266049427110975,0.5506210105701542,4.552724842254936,8.26834565855143
1688,0.5768869962042068,0.5327112998107825,0.5547991480074946,0.044175696393424335,0.5547991480074946,4.582515270366489,8.259773445622857
1689,0.5825510899648487,0.50042519423072,0.5414881420977844,0.08212589573412876,0.5414881420977844,4.467743018252599,8.250860306827908
1690,0.5653296635620215,0.5038901390123045,0.534609901287163,0.06143952454971702,0.534609901287163,4.7512549242285305,8.887330580277483
1691,0.5674245500943434,0.5210869737428084,0.5442557619185759,0.046337576351535015,0.5442557619185759,5.048460500950507,9.275897205302877
1692,0.560754276638311,0.5074435602418741,0.5340989184400926,0.05331071639643692,0.5340989184400926,4.4003227542205785,8.238778627510257
1693,0.5597837269514082,0.5012355615047553,0.5305096442280818,0.05854816544665287,0.5305096442280818,4.544690967618681,8.566650987526222
1694,0.5547171842306332,0.5086529772708683,0.5316850807507507,0.046064206959764875,0.5316850807507507,4.591962808800547,8.636621517227072
1695,0.5317230069471062,0.5422389488616587,0.5369809779043824,0.010515941914552518,0.5369809779043824,4.532837509490531,8.441337209337185
1696,0.5105276076081379,0.5313606627455746,0.5209441351768562,0.020833055137436718,0.5209441351768562,4.455195739166318,8.552156437376565
1697,0.4895898258733967,0.5142903971824796,0.5019401115279382,0.024700571309082875,0.5019401115279382,4.749116216240582,9.461519625885177
1698,0.5265240849747096,0.4903205929644437,0.5084223389695767,0.0362034920102659,0.5084223389695767,4.858732297667437,9.55648862226366
1699,0.5231978803996818,0.43948493158133073,0.4813414059905063,0.08371294881835112,0.4813414059905063,4.675635969576208,9.71376223068669
1700,0.5169449721938314,0.5006000609737892,0.5087725165838103,0.016344911220042224,0.5087725165838103,4.713430594246845,9.264318414633546
1701,0.5003564743671279,0.4619548528923079,0.48115566362971796,0.038401621474820014,0.48115566362971796,5.008859737839716,10.410060852353126
1702,0.5067273771540045,0.5075389035715053,0.5071331403627549,0.0008115264175008186,0.5071331403627549,5.081122314562046,10.019306391468508
1703,0.49023160726809695,0.5130512699434603,0.5016414386057786,0.02281966267536334,0.5016414386057786,5.580196909703109,11.12387550201645
1704,0.5005070216787666,0.5166387252245366,0.5085728734516516,0.016131703545769982,0.5085728734516516,4.848647007073069,9.533829388432796
1705,0.4866449066037481,0.5416420956172852,0.5141435011105167,0.05499718901353706,0.5141435011105167,4.721412213055225,9.183063099810228
1706,0.49354562648836203,0.5478342978162879,0.520689962152325,0.054288671327925864,0.520689962152325,4.522064036426336,8.684753625235876
1707,0.4813210416916659,0.545336074575477,0.5133285581335714,0.06401503288381105,0.5133285581335714,4.532386515509102,8.829406514978553
1708,0.47422628375986503,0.5698577155564439,0.5220419996581545,0.0956314317965789,0.5220419996581545,4.312416728104471,8.260670081963413
1709,0.4606653730035876,0.5693392645816497,0.5150023187926187,0.10867389157806212,0.5150023187926187,4.706189723245192,9.138191327523483
1710,0.4667528054893377,0.5199838493388617,0.49336832741409964,0.053231043849523985,0.49336832741409964,4.575150549038407,9.273296024125072
1711,0.45758552265141655,0.5580375963336752,0.5078115594925459,0.10045207368225867,0.5078115594925459,3.838948803647188,7.5597901069511595
1712,0.4526553212951916,0.5187170727449927,0.48568619702009214,0.06606175144980109,0.48568619702009214,3.83526751265751,7.8965956541253135
1713,0.47420867567789343,0.5297372964320982,0.5019729860549959,0.05552862075420478,0.5019729860549959,3.91414751652641,7.797526212092972
1714,0.4677059800350878,0.5114210354322806,0.4895635077336842,0.04371505539719278,0.4895635077336842,4.021405003155264,8.214266258879029
1715,0.4729312950905274,0.5639566641690182,0.5184439796297728,0.09102536907849085,0.5184439796297728,3.8092106162016615,7.347390973508585
1716,0.4674439934295927,0.5690063748373664,0.5182251841334795,0.10156238140777368,0.5182251841334795,3.8750719868485985,7.477583308360588
1717,0.47112039802472033,0.552743149744033,0.5119317738843767,0.08162275171931271,0.5119317738843767,3.8867177427177975,7.5922572909015
1718,0.49178467900913475,0.6158629650062558,0.5538238220076953,0.12407828599712106,0.5538238220076953,4.115436310764143,7.430948520497119
1719,0.5460062964553888,0.5796303110769533,0.562818303766171,0.0336240146215645,0.562818303766171,4.06409242517996,7.2209670474193235
1720,0.5389820238250513,0.5370658778805736,0.5380239508528124,0.001916145944477754,0.5380239508528124,4.316803970174512,8.023442010958844
1721,0.5496363200386551,0.5970216067352082,0.5733289633869316,0.047385286696553064,0.5733289633869316,4.405032906115869,7.683255491041666
1722,0.5799241537670021,0.5596380128015408,0.5697810832842715,0.02028614096546133,0.5697810832842715,4.654933913722637,8.169688412418262
1723,0.5706999392709854,0.5536971602965022,0.5621985497837438,0.017002778974483213,0.5621985497837438,4.698251396350179,8.356925499287424
1724,0.553483348555126,0.5483371776294069,0.5509102630922664,0.005146170925719118,0.5509102630922664,4.711193044483014,8.55165234722444
1725,0.5606879267682339,0.536768972786615,0.5487284497774244,0.023918953981618918,0.5487284497774244,4.755756641210335,8.666867269483419
1726,0.5914836629597033,0.5594029135919276,0.5754432882758155,0.03208074936777572,0.5754432882758155,4.846552801581481,8.42229442992214
1727,0.5732395222601807,0.5100122382279854,0.541625880244083,0.06322728403219535,0.541625880244083,4.654410390244722,8.593404709810429
1728,0.5678916274560587,0.5185948009468337,0.5432432142014463,0.049296826509224956,0.5432432142014463,4.5967359641318914,8.461653719667675
1729,0.5880458749054049,0.5358627141457362,0.5619542945255706,0.05218316075966878,0.5619542945255706,4.378857412640231,7.79219494414057
1730,0.5692955180166218,0.4972832075837908,0.5332893628002063,0.07201231043283102,0.5332893628002063,4.333904265030532,8.126740504018272
1731,0.5681706294994069,0.4885594838780467,0.5283650566887268,0.07961114562136018,0.5283650566887268,4.372148780769232,8.274863610719388
1732,0.5637554030358948,0.5684359142544702,0.5660956586451824,0.004680511218575378,0.5660956586451824,4.346202906179474,7.677506159614603
1733,0.5608952415060439,0.5183547415900056,0.5396249915480247,0.042540499916038255,0.5396249915480247,4.459458453180461,8.263995409826354
1734,0.5665656583487965,0.5425983213860377,0.5545819898674171,0.023967336962758767,0.5545819898674171,4.354468605622638,7.851803133137541
1735,0.5702895354750288,0.5204997345234121,0.5453946349992205,0.04978980095161667,0.5453946349992205,5.162790793947704,9.466156178736675
1736,0.5537277533542296,0.5275483153008607,0.5406380343275452,0.026179438053368975,0.5406380343275452,5.104476062592059,9.44157779972157
1737,0.561479262511367,0.5312969080983203,0.5463880853048437,0.03018235441304673,0.5463880853048437,4.940612817371554,9.042314337098075
1738,0.572667103981025,0.5526863450674581,0.5626767245242416,0.019980758913566987,0.5626767245242416,5.3973112714500315,9.59220638815939
1739,0.5574874747360477,0.5237001398214967,0.5405938072787722,0.03378733491455099,0.5405938072787722,5.270517337654416,9.749496325503648
1740,0.5737236908500473,0.5272067027485986,0.5504651967993229,0.046516988101448664,0.5504651967993229,5.212966230842844,9.470110483194231
1741,0.5671749903240234,0.5145576131009874,0.5408663017125054,0.052617377223036055,0.5408663017125054,4.654315339455291,8.605297325269984
1742,0.5605488203426734,0.5167431508723466,0.53864598560751,0.043805669470326825,0.53864598560751,4.723937708992355,8.770023048931625
1743,0.5477284737660975,0.5307899064950844,0.539259190130591,0.01693856727101306,0.539259190130591,4.722064527475706,8.756576825945565
1744,0.550608942154167,0.5293381109080689,0.539973526531118,0.021270831246098076,0.539973526531118,4.703211191470744,8.710077365616375
1745,0.519675886404756,0.5374133303021082,0.5285446083534322,0.017737443897352212,0.5285446083534322,4.561512669942558,8.630326746029963
1746,0.5189334705346826,0.5573662901855425,0.5381498803601126,0.03843281965085987,0.5381498803601126,4.7497932758698225,8.82615317630734
1747,0.5396095536575725,0.5552932767612985,0.5474514152094354,0.01568372310372601,0.5474514152094354,4.76756772753443,8.708659061024672
1748,0.5209968142291023,0.5884186982741312,0.5547077562516167,0.06742188404502891,0.5547077562516167,4.849579606955611,8.742584815698576
1749,0.5293455346929532,0.544239212895827,0.53679237379439,0.014893678202873795,0.53679237379439,4.812716160985804,8.965693992570095
1750,0.5322040486699198,0.5577773962726137,0.5449907224712667,0.02557334760269392,0.5449907224712667,4.663914711740138,8.557787352033376
1751,0.5166805739782482,0.5232239577257395,0.5199522658519938,0.006543383747491305,0.5199522658519938,4.563934190970373,8.777602273723934
1752,0.5182951446480846,0.5493278651972661,0.5338115049226753,0.03103272054918149,0.5338115049226753,4.636584966754401,8.685809361538636
1753,0.554140630703585,0.5270028994913635,0.5405717650974742,0.027137731212221516,0.5405717650974742,5.228311867396608,9.671818257940007
1754,0.5396762291608588,0.5014215440087867,0.5205488865848227,0.03825468515207209,0.5205488865848227,4.877513731659787,9.369943644793493
1755,0.5679364041827678,0.5081052610280581,0.538020832605413,0.05983114315470972,0.538020832605413,4.840027933605989,8.995986103675074
1756,0.5793817882478096,0.4825381532614051,0.5309599707546073,0.09684363498640453,0.5309599707546073,4.7949262704944555,9.03067375056512
1757,0.5834803758840488,0.46426787597375,0.5238741259288994,0.11921249991029875,0.5238741259288994,4.856196771561837,9.269777855417361
1758,0.5498977071747388,0.46615724542840736,0.5080274763015731,0.08374046174633148,0.5080274763015731,4.952717816782736,9.748917229513637
1759,0.5777478570039964,0.4625502599623327,0.5201490584831645,0.11519759704166377,0.5201490584831645,5.33188624899807,10.250689032383677
1760,0.5792117661540961,0.5063997337473207,0.5428057499507084,0.07281203240677536,0.5428057499507084,5.056092863143131,9.3147371110241
1761,0.5521493043628137,0.4771533283628264,0.5146513163628201,0.07499597599998731,0.5146513163628201,5.2565562535769494,10.213820671297322
1762,0.5533652674307445,0.49054364858618,0.5219544580084623,0.06282161884456455,0.5219544580084623,4.941246836556637,9.466816042553134
1763,0.5515945552314004,0.5087321435098536,0.530163349370627,0.04286241172154681,0.530163349370627,4.707033601513172,8.87845907700152
1764,0.5923805577568511,0.49410045692407356,0.5432405073404623,0.0982801008327775,0.5432405073404623,4.607983013996142,8.482399511324006
1765,0.5610416902007971,0.4866453208314147,0.5238435055161059,0.07439636936938238,0.5238435055161059,4.3131372179583325,8.233636902129584
1766,0.5612617814589035,0.4623494334532698,0.5118056074560866,0.0989123480056337,0.5118056074560866,4.349208710472779,8.497774637699617
1767,0.5555892268122827,0.49742655457323937,0.526507890692761,0.05816267223904337,0.526507890692761,4.1135426267533175,7.812879349900832
1768,0.5171585101397064,0.5253963404011736,0.52127742527044,0.008237830261467183,0.52127742527044,4.4085793780167055,8.45726126683795
1769,0.53911201985014,0.5315540848441169,0.5353330523471285,0.0075579350060230865,0.5353330523471285,4.461327404908674,8.333741743291045
1770,0.5662735318709967,0.5176819160128027,0.5419777239418997,0.04859161585819405,0.5419777239418997,4.329889214222691,7.989053835516785
1771,0.5337732734382717,0.4672788629865843,0.500526068212428,0.06649441045168747,0.500526068212428,4.394522609962209,8.779807664477392
1772,0.5662134311076253,0.5242051405490076,0.5452092858283164,0.04200829055861777,0.5452092858283164,4.648040049605494,8.52524006913033
1773,0.5353043177537841,0.5245381862518432,0.5299212520028136,0.010766131501940834,0.5299212520028136,4.480998626177154,8.45597078668089
1774,0.5202480382644529,0.5149400368211355,0.5175940375427942,0.005308001443317334,0.5175940375427942,4.7358831431415815,9.14980235403122
1775,0.516385923773945,0.4652980447895257,0.4908419842817353,0.0510878789844193,0.4908419842817353,5.194406401708338,10.58264485934201
1776,0.5323027233978558,0.4859955983846461,0.509149160891251,0.04630712501320966,0.509149160891251,4.811059121474043,9.449213493846129
1777,0.5375300934968317,0.5074199671728733,0.5224750303348524,0.030110126323958375,0.5224750303348524,5.111870167519713,9.783951137805635
1778,0.5320271509773367,0.45850185914053426,0.4952645050589355,0.0735252918368024,0.4952645050589355,5.241907447383256,10.58405638570743
1779,0.5239527730385855,0.47777276569328114,0.5008627693659333,0.04618000734530431,0.5008627693659333,5.021478306058587,10.025656952732824
1780,0.5157200766496236,0.5052308173925203,0.510475447021072,0.010489259257103312,0.510475447021072,5.571700794704053,10.914728273844007
1781,0.503495942765148,0.5459101658773114,0.5247030543212297,0.042414223112163474,0.5247030543212297,5.396146282604812,10.284190721141153
1782,0.5171305543041184,0.4685888770911682,0.4928597156976433,0.04854167721295016,0.4928597156976433,5.395297237363611,10.94692275615702
1783,0.5129883197057367,0.49198001900257315,0.5024841693541549,0.021008300703163507,0.5024841693541549,4.880138693406043,9.712024758269514
1784,0.5152873184884629,0.5083149569476987,0.5118011377180808,0.006972361540764194,0.5118011377180808,4.648710459813604,9.08304049604182
1785,0.5022632157808447,0.5475352700069802,0.5248992428939124,0.04527205422613556,0.5248992428939124,4.959362405820836,9.448217868401793
1786,0.5095334483097761,0.542818943256953,0.5261761957833646,0.03328549494717692,0.5261761957833646,4.476408407345344,8.507432383331068
1787,0.5918497563454115,0.4747690778003712,0.5333094170728914,0.11708067854504028,0.5333094170728914,4.391500493580202,8.234432682031533
1788,0.5732914964587903,0.4999042324820031,0.5365978644703967,0.07338726397678719,0.5365978644703967,4.158826846592678,7.7503604131881785
1789,0.5485101809676068,0.48175622828451514,0.515133204626061,0.0667539526830917,0.515133204626061,4.076018059947193,7.912551595088895
1790,0.534663357275693,0.48957790129419937,0.5121206292849462,0.04508545598149366,0.5121206292849462,4.812044229329864,9.396310076492586
1791,0.5555709585368303,0.5142308322550443,0.5349008953959373,0.04134012628178596,0.5349008953959373,4.817528304760931,9.006394168016795
1792,0.5333841657312802,0.496010674265801,0.5146974199985406,0.03737349146547925,0.5146974199985406,4.746305431744393,9.221545023011483
1793,0.540527028281608,0.5204544385428305,0.5304907334122193,0.02007258973877757,0.5304907334122193,4.4022682329344756,8.29848281160018
1794,0.5441878481261808,0.4968013711689884,0.5204946096475846,0.04738647695719239,0.5204946096475846,4.930425343237492,9.472577144604386
1795,0.5584379410074491,0.5258032504584215,0.5421205957329354,0.03263469054902768,0.5421205957329354,4.987814484778637,9.200562612890993
1796,0.5502057193109715,0.5224373018760029,0.5363215105934872,0.027768417434968606,0.5363215105934872,5.093599475650396,9.497287308155657
1797,0.5383403259571051,0.5027489093584109,0.520544617657758,0.03559141659869425,0.520544617657758,5.090827450955597,9.779809987974286
1798,0.521760351926415,0.5383320581554563,0.5300462050409356,0.01657170622904125,0.5300462050409356,6.362448194119259,12.0035727708453
1799,0.5280969844946027,0.5508113078233496,0.5394541461589761,0.0227143233287469,0.5394541461589761,6.311243051330908,11.699313271143152
1800,0.5446245855414124,0.5471731339540415,0.545898859747727,0.0025485484126291924,0.545898859747727,5.634512834186311,10.321532521225919
