FN,EAR_L,EAR_R,EAR,EAR_Diff,NewEAR,MAR,MOEAR
1,0,0,0,0,0
2,0,0,0,0,0
3,0,0,0,0,0
4,0,0,0,0,0
5,0,0,0,0,0
6,0,0,0,0,0
7,0,0,0,0,0
8,0,0,0,0,0
9,0,0,0,0,0
10,0,0,0,0,0
11,0,0,0,0,0
12,0,0,0,0,0
13,0,0,0,0,0
14,0,0,0,0,0
15,0,0,0,0,0
16,0,0,0,0,0
17,0,0,0,0,0
18,0,0,0,0,0
19,0,0,0,0,0
20,0,0,0,0,0
21,0,0,0,0,0
22,0,0,0,0,0
23,0,0,0,0,0
24,0,0,0,0,0
25,0,0,0,0,0
26,0,0,0,0,0
27,0.6631793555563411,0.3103067725836264,0.48674306406998374,0.35287258297271473,0.3103067725836264
28,0.6675515156602849,0.21731541544839794,0.44243346555434143,0.450236100211887,0.21731541544839794
29,0.7431451698694179,0.28620472372244044,0.5146749467959292,0.4569404461469775,0.28620472372244044
30,0.7499581010505161,0.32095152399092186,0.535454812520719,0.4290065770595942,0.32095152399092186
31,0.4872647199478587,0.22514343718349994,0.3562040785656793,0.26212128276435875,0.3562040785656793
32,0.627231977290085,0.3016176919844888,0.4644248346372869,0.32561428530559616,0.4644248346372869
33,0.46218377843890507,0.3200562390526889,0.391120008745797,0.1421275393862162,0.391120008745797
34,0.4799348793146232,0.25859160199965153,0.36926324065713734,0.22134327731497166,0.36926324065713734
35,0,0,0,0,0
36,0,0,0,0,0
37,0,0,0,0,0
38,0,0,0,0,0
39,0,0,0,0,0
40,0,0,0,0,0
41,0,0,0,0,0
42,0,0,0,0,0
43,0,0,0,0,0
44,0,0,0,0,0
45,0,0,0,0,0
46,0,0,0,0,0
47,0,0,0,0,0
48,0,0,0,0,0
49,0,0,0,0,0
50,0,0,0,0,0
51,0,0,0,0,0
52,0,0,0,0,0
53,0,0,0,0,0
54,0,0,0,0,0
55,0,0,0,0,0
56,0,0,0,0,0
57,0,0,0,0,0
58,0,0,0,0,0
59,0,0,0,0,0
60,0,0,0,0,0
61,0,0,0,0,0
62,0,0,0,0,0
63,0,0,0,0,0
64,0,0,0,0,0
65,0,0,0,0,0
66,0,0,0,0,0
67,0,0,0,0,0
68,0,0,0,0,0
69,0,0,0,0,0
70,0,0,0,0,0
71,0,0,0,0,0
72,0,0,0,0,0
73,0,0,0,0,0
74,0,0,0,0,0
75,0,0,0,0,0
76,0,0,0,0,0
77,0,0,0,0,0
78,0,0,0,0,0
79,0,0,0,0,0
80,0,0,0,0,0
81,0,0,0,0,0
82,0,0,0,0,0
83,0,0,0,0,0
84,0,0,0,0,0
85,0,0,0,0,0
86,0,0,0,0,0
87,0,0,0,0,0
88,0,0,0,0,0
89,0.3691249551130474,0.6937722109464047,0.5314485830297261,0.32464725583335735,0.5314485830297261
90,0,0,0,0,0
91,0.24835776984230912,0.7981348382311592,0.5232463040367341,0.5497770683888501,0.24835776984230912
92,0.3975132276751809,0.38719452001029425,0.39235387384273757,0.010318707664886628,0.39235387384273757
93,0.3676626143088674,0.3546937998842248,0.3611782070965461,0.012968814424642594,0.3611782070965461
94,0.4205729643248592,0.34167046591944994,0.38112171512215454,0.07890249840540925,0.38112171512215454
95,0.36434367194948747,0.25214144046788534,0.3082425562086864,0.11220223148160213,0.3082425562086864
96,0.19446298552047186,0.2635515550809938,0.22900727030073284,0.06908856956052195,0.22900727030073284
97,0.1606687348295348,0.4879314231426098,0.32430007898607227,0.327262688313075,0.32430007898607227
98,0.2733546903303937,0.7963554841558629,0.5348550872431284,0.5230007938254692,0.2733546903303937
99,0.4078399815939105,0.8859556356359809,0.6468978086149457,0.4781156540420704,0.4078399815939105
100,0,0,0,0,0
101,0,0,0,0,0
102,0,0,0,0,0
103,0,0,0,0,0
104,0,0,0,0,0
105,0,0,0,0,0
106,0,0,0,0,0
107,0,0,0,0,0
108,0,0,0,0,0
109,0,0,0,0,0
110,0,0,0,0,0
111,0,0,0,0,0
112,0.35832212286755755,0.31990370135498164,0.3391129121112696,0.03841842151257591,0.3391129121112696
113,0,0,0,0,0
114,0,0,0,0,0
115,0.5020392940708555,0.3939014779577591,0.4479703860143073,0.10813781611309636,0.4479703860143073
116,0.42277619345359735,0.6963915459440663,0.5595838696988318,0.2736153524904689,0.5595838696988318
117,0,0,0,0,0
118,0,0,0,0,0
119,0,0,0,0,0
120,0,0,0,0,0
121,0,0,0,0,0
122,0,0,0,0,0
123,0,0,0,0,0
124,0,0,0,0,0
125,0,0,0,0,0
126,0,0,0,0,0
127,0,0,0,0,0
128,0.5023346961535403,0.5748621046490919,0.5385984004013161,0.07252740849555162,0.5385984004013161
129,0,0,0,0,0
130,0.49883520236856765,0.46656951994147544,0.4827023611550215,0.03226568242709221,0.4827023611550215
131,0.5050868830136431,0.42216149141282416,0.4636241872132336,0.08292539160081897,0.4636241872132336
132,0.5734600794535822,0.362363258303563,0.4679116688785726,0.21109682115001926,0.4679116688785726
133,0.28975555986521334,0.362153559618669,0.3259545597419412,0.07239799975345568,0.3259545597419412
134,0.34030950886589967,0.8635127429361966,0.6019111259010481,0.523203234070297,0.34030950886589967
135,0.35919102480521253,0.7156277905311038,0.5374094076681581,0.3564367657258913,0.35919102480521253
136,0.17985408324490237,0.6106219262499346,0.3952380047474185,0.43076784300503224,0.17985408324490237
137,0.24858464680957845,0.5651615741511612,0.40687311048036984,0.3165769273415827,0.40687311048036984
138,0.22524136919848628,0.46014182142970644,0.3426915953140964,0.23490045223122016,0.3426915953140964
139,0.40672142299427905,0.48020265046493593,0.4434620367296075,0.07348122747065688,0.4434620367296075
140,0.38789862535498976,0.5070730082937188,0.4474858168243543,0.11917438293872906,0.4474858168243543
141,0.3459949404147746,0.4956500940177373,0.42082251721625596,0.14965515360296272,0.42082251721625596
142,0.38423112609347826,0.43397873574721824,0.4091049309203483,0.04974760965373998,0.4091049309203483
143,0.2854809149147489,0.4098029702726683,0.3476419425937086,0.1243220553579194,0.3476419425937086
144,0.2288526484634094,0.2313698720042761,0.23011126023384276,0.0025172235408666976,0.23011126023384276
145,0.1506282300089293,0.30177108638233635,0.2261996581956328,0.15114285637340705,0.2261996581956328
146,0.14241805163595378,0.3089692984258419,0.22569367503089785,0.16655124678988814,0.22569367503089785
147,0.23536409181369994,0.2936535774027992,0.2645088346082496,0.058289485589099244,0.2645088346082496
148,0.301058159977796,0.2772225005358579,0.28914033025682695,0.023835659441938106,0.28914033025682695
149,0.3093435749697747,0.2591524146161632,0.2842479947929689,0.05019116035361154,0.2842479947929689
150,0.35160742956796914,0.26870440397752604,0.31015591677274756,0.0829030255904431,0.31015591677274756
151,0.39021598635273735,0.24682581502118814,0.31852090068696276,0.14339017133154922,0.31852090068696276
152,0.3765169179678621,0.20499047663639594,0.290753697302129,0.17152644133146613,0.290753697302129
153,0.3757745699160841,0.29182112696367285,0.3337978484398785,0.08395344295241125,0.3337978484398785
154,0.35210297337275126,0.2734455704280905,0.31277427190042084,0.07865740294466078,0.31277427190042084
155,0.382294523025212,0.20731980425035612,0.29480716363778403,0.17497471877485588,0.29480716363778403
156,0.3684685128271471,0.17814356349215177,0.27330603815964943,0.19032494933499533,0.27330603815964943
157,0.3760820275099044,0.2497878463698414,0.3129349369398729,0.126294181140063,0.3129349369398729
158,0.46503224223835893,0.20208247002950702,0.333557356133933,0.2629497722088519,0.333557356133933
159,0.4446163763411657,0.2601236983027737,0.3523700373219697,0.18449267803839198,0.3523700373219697
160,0.49561105170379055,0.27561154577475533,0.3856112987392729,0.21999950592903522,0.3856112987392729
161,0.4028954542758105,0.2411606486075015,0.322028051441656,0.16173480566830903,0.322028051441656
162,0.430138246244455,0.24889204025853065,0.33951514325149285,0.18124620598592436,0.33951514325149285
163,0.37184348808191686,0.22029269279749386,0.2960680904397054,0.151550795284423,0.2960680904397054
164,0.4088393988897107,0.2562690504762559,0.33255422468298335,0.1525703484134548,0.33255422468298335
165,0.34446862431652037,0.2376754662496507,0.2910720452830855,0.10679315806686968,0.2910720452830855
166,0.43174990317670425,0.3082973365951436,0.3700236198859239,0.12345256658156067,0.3700236198859239
167,0.45968525554210327,0.29729925938552537,0.3784922574638143,0.1623859961565779,0.3784922574638143
168,0.46430264308779684,0.2855914740706836,0.3749470585792402,0.17871116901711326,0.3749470585792402
169,0.42067543245157923,0.3202760316472894,0.3704757320494343,0.10039940080428983,0.3704757320494343
170,0.42904108507216326,0.2972750271027022,0.36315805608743273,0.13176605796946106,0.36315805608743273
171,0.47374576250059053,0.29619162213234984,0.3849686923164702,0.1775541403682407,0.3849686923164702
172,0.5085420496971891,0.3341370769251871,0.4213395633111881,0.17440497277200195,0.4213395633111881
173,0.45382498536936833,0.2756887250609518,0.3647568552151601,0.1781362603084165,0.3647568552151601
174,0.41877689786363825,0.2760087289182335,0.34739281339093586,0.14276816894540473,0.34739281339093586
175,0.5156335343943538,0.2900692888973824,0.40285141164586813,0.22556424549697135,0.40285141164586813
176,0.4751203293243645,0.22145196824137098,0.34828614878286773,0.2536683610829935,0.34828614878286773
177,0.5505660997191393,0.2309645692188593,0.3907653344689993,0.31960153050027995,0.3907653344689993
178,0.5352122606171449,0.19366881033311606,0.36444053547513044,0.3415434502840288,0.36444053547513044
179,0.5352374643234301,0.2071909667138855,0.3712142155186578,0.32804649760954463,0.3712142155186578
180,0.621809362295953,0.1882415882934732,0.4050254752947131,0.43356777400247976,0.1882415882934732
181,0.5254841738945931,0.2661744044908504,0.39582928919272176,0.25930976940374273,0.39582928919272176
182,0.5322817456388863,0.24580750763890863,0.3890446266388975,0.2864742379999777,0.3890446266388975
183,0.5336993917351349,0.2567683966891512,0.39523389421214306,0.27693099504598373,0.39523389421214306
184,0.49780713421467393,0.25180361071433083,0.3748053724645024,0.2460035235003431,0.3748053724645024
185,0.511496690943705,0.2581760447190075,0.3848363678313562,0.25332064622469747,0.3848363678313562
186,0.5838651457642008,0.27808724602054796,0.43097619589237435,0.3057778997436528,0.43097619589237435
187,0.5745719549042408,0.2575509486309261,0.41606145176758347,0.31702100627331475,0.41606145176758347
188,0.5286481012394159,0.2511343605950775,0.38989123091724665,0.27751374064433837,0.38989123091724665
189,0.5164057139681147,0.2400296050284341,0.3782176594982744,0.2763761089396807,0.3782176594982744
190,0.5256674161615135,0.26283992351740293,0.3942536698394582,0.26282749264411054,0.3942536698394582
191,0.5158677568897916,0.2617243024053471,0.3887960296475693,0.2541434544844445,0.3887960296475693
192,0.5386425164451581,0.2551775142511308,0.39691001534814446,0.28346500219402737,0.39691001534814446
193,0.5383686699007786,0.2571123840496686,0.39774052697522355,0.28125628585111,0.39774052697522355
194,0.515148290885583,0.26049015320446217,0.3878192220450226,0.25465813768112083,0.3878192220450226
195,0.4879591852010782,0.23728835957052855,0.3626237723858034,0.25067082563054965,0.3626237723858034
196,0.49550275440428276,0.25780399307784524,0.376653373741064,0.23769876132643752,0.376653373741064
197,0.4684012139105213,0.23575979050297075,0.352080502206746,0.23264142340755056,0.352080502206746
198,0.4881148911901913,0.235428637320704,0.36177176425544766,0.2526862538694873,0.36177176425544766
199,0.49165445211670933,0.22197343601027397,0.35681394406349165,0.26968101610643536,0.35681394406349165
200,0.5592664305781404,0.24857258213722724,0.4039195063576838,0.3106938484409132,0.4039195063576838
201,0.5836300729323552,0.21519679763577826,0.39941343528406675,0.368433275296577,0.21519679763577826
202,0.42707861893487553,0.1606227258046911,0.29385067236978335,0.2664558931301844,0.29385067236978335
203,0.32173727277922926,0.19143738310090452,0.2565873279400669,0.13029988967832473,0.2565873279400669
204,0.34932861372980095,0.1569821835711594,0.2531553986504802,0.19234643015864156,0.2531553986504802
205,0.44192973331504615,0.17573145241944987,0.308830592867248,0.2661982808955963,0.308830592867248
206,0.40617405628073194,0.2564103537849517,0.33129220503284185,0.14976370249578025,0.33129220503284185
207,0.4289033438310564,0.22465922863255253,0.32678128623180447,0.20424411519850386,0.32678128623180447
208,0.48797205642541297,0.24134325790645242,0.3646576571659327,0.24662879851896055,0.3646576571659327
209,0.524485657629077,0.23718616990482386,0.3808359137669504,0.28729948772425307,0.3808359137669504
210,0.45663689328281626,0.23262375325930668,0.34463032327106147,0.22401314002350958,0.34463032327106147
211,0.46363143042719906,0.22819843790261982,0.3459149341649094,0.23543299252457925,0.3459149341649094
212,0.5290648186427417,0.21606676554111484,0.37256579209192825,0.31299805310162687,0.37256579209192825
213,0.4773055744500785,0.24860337602323035,0.3629544752366544,0.22870219842684814,0.3629544752366544
214,0.47920462787401613,0.23397182989952187,0.356588228886769,0.24523279797449427,0.356588228886769
215,0.48703583920429416,0.22818036072460782,0.357608099964451,0.2588554784796864,0.357608099964451
216,0.48933534924675337,0.25605504592466055,0.37269519758570696,0.23328030332209282,0.37269519758570696
217,0.4806741431981206,0.2184576646915279,0.34956590394482423,0.2622164785065927,0.34956590394482423
218,0.4781854774855682,0.2662180710706333,0.37220177427810075,0.21196740641493494,0.37220177427810075
219,0.498154565245094,0.26388740802568955,0.38102098663539175,0.23426715721940444,0.38102098663539175
220,0.5392219791273385,0.2569402052802044,0.3980810922037714,0.2822817738471341,0.3980810922037714
221,0.5232899107543721,0.26560377427701637,0.3944468425156943,0.2576861364773558,0.3944468425156943
222,0.49253794767528664,0.24901294802743298,0.3707754478513598,0.24352499964785365,0.3707754478513598
223,0.4897246492658151,0.257557992103895,0.37364132068485506,0.2321666571619201,0.37364132068485506
224,0.4993654369318327,0.28935664768806924,0.39436104230995095,0.21000878924376348,0.39436104230995095
225,0.5495732672234656,0.27097592060431225,0.4102745939138889,0.2785973466191533,0.4102745939138889
226,0.5093862424512008,0.2464754231180682,0.37793083278463446,0.2629108193331326,0.37793083278463446
227,0.5168197874665048,0.23087787617298058,0.3738488318197427,0.2859419112935242,0.3738488318197427
228,0.5322445635349448,0.27891548338468747,0.40558002345981614,0.2533290801502573,0.40558002345981614
229,0.5753547264569637,0.23472668017674012,0.40504070331685194,0.3406280462802236,0.40504070331685194
230,0.5682858437904293,0.26036088642560246,0.41432336510801593,0.3079249573648269,0.41432336510801593
231,0.5012646288435012,0.24471255080440893,0.37298858982395505,0.2565520780390923,0.37298858982395505
232,0.509095052360916,0.23876988453422718,0.3739324684475716,0.2703251678266888,0.3739324684475716
233,0.5168235601612026,0.18927694611753929,0.35305025313937094,0.32754661404366325,0.35305025313937094
234,0.5618540365160137,0.20749504532696683,0.3846745409214903,0.3543589911890469,0.20749504532696683
235,0.49409279384800336,0.19638191234355182,0.3452373530957776,0.2977108815044516,0.3452373530957776
236,0.5402363284999946,0.19596886707348904,0.3681025977867418,0.34426746142650555,0.3681025977867418
237,0.49352071389894425,0.19347107682663264,0.34349589536278846,0.3000496370723116,0.34349589536278846
238,0.5994786641729823,0.15802792740789826,0.3787532957904403,0.44145073676508406,0.15802792740789826
239,0.6183047546548611,0.2695184965449772,0.44391162559991915,0.3487862581098839,0.44391162559991915
240,0.5292488179522846,0.3170274282552179,0.42313812310375126,0.21222138969706672,0.42313812310375126
241,0.5403668525750415,0.37711748086341235,0.4587421667192269,0.16324937171162912,0.4587421667192269
242,0.4379162894912905,0.313222030877493,0.3755691601843918,0.12469425861379752,0.3755691601843918
243,0.5509644844593872,0.39094662364101607,0.4709555540502016,0.1600178608183711,0.4709555540502016
244,0.4527211412797931,0.39323762958560715,0.42297938543270014,0.059483511694185975,0.42297938543270014
245,0.5332069179864899,0.4089531517584822,0.47108003487248606,0.12425376622800771,0.47108003487248606
246,0.5038120911970007,0.39069143363249026,0.44725176241474546,0.1131206575645104,0.44725176241474546
247,0.5571834963369007,0.35814917401389657,0.4576663351753986,0.1990343223230041,0.4576663351753986
248,0.5479935823871065,0.40066151536737704,0.47432754887724177,0.14733206701972945,0.47432754887724177
249,0.5097057754420198,0.3889054971309986,0.4493056362865092,0.12080027831102119,0.4493056362865092
250,0.503572728349725,0.36779079769203615,0.4356817630208806,0.13578193065768884,0.4356817630208806
251,0.5209279380811982,0.38835002564603266,0.4546389818636154,0.13257791243516553,0.4546389818636154
252,0.4921568584845552,0.3413437721452222,0.4167503153148887,0.150813086339333,0.4167503153148887
253,0.5239688610335742,0.4574315657567145,0.49070021339514436,0.0665372952768597,0.49070021339514436
254,0.585556516401254,0.4047096796145475,0.49513309800790073,0.18084683678670643,0.49513309800790073
255,0.6180751262375809,0.39425398835162895,0.506164557294605,0.22382113788595193,0.506164557294605
256,0.5987282137750908,0.35167830661974353,0.47520326019741715,0.24704990715534725,0.47520326019741715
257,0.5472361797256571,0.33721648975039314,0.4422263347380251,0.21001968997526393,0.4422263347380251
258,0.5857782234957213,0.3777302933667625,0.48175425843124187,0.20804793012895878,0.48175425843124187
259,0.6269272387235135,0.35584741328054076,0.49138732600202717,0.27107982544297277,0.49138732600202717
260,0.5794237655817558,0.4130169788845884,0.49622037223317206,0.1664067866971674,0.49622037223317206
261,0.5576671928866709,0.34260702619790145,0.45013710954228614,0.21506016668876943,0.45013710954228614
262,0.5055147479611194,0.32972382734620803,0.41761928765366374,0.17579092061491136,0.41761928765366374
263,0.5086390382079279,0.3533518447506594,0.43099544147929364,0.1552871934572685,0.43099544147929364
264,0.5407792118331372,0.3384562050218026,0.4396177084274699,0.20232300681133453,0.4396177084274699
265,0.5090162783941603,0.3206873448416836,0.41485181161792195,0.1883289335524767,0.41485181161792195
266,0.5068373975117569,0.34309002132260397,0.4249637094171804,0.16374737618915297,0.4249637094171804
267,0.5686032153321979,0.35831896302856237,0.46346108918038015,0.21028425230363557,0.46346108918038015
268,0.5761274760992324,0.3488846089977637,0.46250604254849803,0.22724286710146874,0.46250604254849803
269,0.5853984318417406,0.3759395888585968,0.4806690103501687,0.20945884298314377,0.4806690103501687
270,0.5446823782050545,0.368465883552634,0.45657413087884424,0.1762164946524205,0.45657413087884424
271,0.5205179180912565,0.38803907423823497,0.4542784961647457,0.1324788438530215,0.4542784961647457
272,0.5709152695389564,0.3936563067116342,0.4822857881252953,0.17725896282732223,0.4822857881252953
273,0.5989892445892401,0.39046871958745516,0.4947289820883476,0.20852052500178492,0.4947289820883476
274,0.5813332433089706,0.3851066459408127,0.48321994462489165,0.19622659736815795,0.48321994462489165
275,0.5753284905588433,0.39499720925148885,0.48516284990516606,0.18033128130735443,0.48516284990516606
276,0.5561826410402013,0.3849287862558837,0.4705557136480425,0.1712538547843176,0.4705557136480425
277,0.5300648816561293,0.392590865344231,0.4613278735001801,0.13747401631189832,0.4613278735001801
278,0.5267924595017608,0.412750199775619,0.4697713296386899,0.11404225972614179,0.4697713296386899
279,0.5194919748576015,0.4146872077836692,0.4670895913206353,0.10480476707393227,0.4670895913206353
280,0.4906793506092666,0.4150779875099499,0.4528786690596083,0.0756013630993167,0.4528786690596083
281,0.4263084596635244,0.21160340665983954,0.31895593316168197,0.21470505300368484,0.31895593316168197
282,0.22798819120256553,0.19017029502370084,0.2090792431131332,0.03781789617886469,0.2090792431131332
283,0.28980256999756115,0.15652188950041757,0.22316222974898936,0.1332806804971436,0.22316222974898936
284,0.3406267961195422,0.1955218197994697,0.26807430795950593,0.14510497632007252,0.26807430795950593
285,0.4217769049347292,0.3201843021630867,0.37098060354890794,0.1015926027716425,0.37098060354890794
286,0.4816716379970965,0.3925828459614948,0.43712724197929564,0.08908879203560172,0.43712724197929564
287,0.5347385107737361,0.3762026893735064,0.4554706000736213,0.1585358214002297,0.4554706000736213
288,0.662028485990874,0.407354762212983,0.5346916241019285,0.25467372377789105,0.5346916241019285
289,0.6661827772436687,0.46349033969092684,0.5648365584672977,0.20269243755274186,0.5648365584672977
290,0.7240708582957859,0.5090557343883735,0.6165632963420797,0.2150151239074124,0.6165632963420797
291,0.7612566373562553,0.518144251073384,0.6397004442148196,0.24311238628287124,0.6397004442148196
292,0.7401451084477546,0.5671172447767885,0.6536311766122715,0.17302786367096612,0.6536311766122715
293,0.757108183757961,0.5828390405322742,0.6699736121451176,0.17426914322568676,0.6699736121451176
294,0.8323516932910666,0.5867008215450288,0.7095262574180476,0.24565087174603784,0.7095262574180476
295,0.7567370202199334,0.5935802701939852,0.6751586452069593,0.1631567500259482,0.6751586452069593
296,0.7667445654965096,0.5697687898049725,0.668256677650741,0.19697577569153712,0.668256677650741
297,0.7647404741429142,0.5529597000659932,0.6588500871044537,0.21178077407692109,0.6588500871044537
298,0.7569468940620843,0.5738837360836051,0.6654153150728447,0.18306315797847916,0.6654153150728447
299,0.705789393123379,0.5823993065998776,0.6440943498616283,0.12339008652350136,0.6440943498616283
300,0.5491458056022893,0.5987453369908562,0.5739455712965728,0.049599531388566875,0.5739455712965728
301,0.42321446977932037,0.533732288086157,0.47847337893273867,0.11051781830683666,0.47847337893273867
302,0.5884861210789037,0.5690269359996173,0.5787565285392605,0.019459185079286456,0.5787565285392605
303,0.7405062990635786,0.557352672640903,0.6489294858522408,0.18315362642267552,0.6489294858522408
304,0.7906978042385066,0.5994207120005189,0.6950592581195127,0.1912770922379876,0.6950592581195127
305,0.6774700840031068,0.5848293582783891,0.631149721140748,0.09264072572471771,0.631149721140748
306,0.8964988115276865,0.560224531157031,0.7283616713423587,0.33627428037065554,0.7283616713423587
307,0.9538843305113751,0.5877236316224674,0.7708039810669213,0.3661606988889077,0.5877236316224674
308,1.1810439209803358,0.6486718246604601,0.914857872820398,0.5323720963198757,0.6486718246604601
309,1.466619102482537,0.5945682403704063,1.0305936714264716,0.8720508621121307,0.5945682403704063
310,1.2423563072797126,0.5856671312006257,0.9140117192401691,0.6566891760790868,0.5856671312006257
311,1.2255565172779226,0.5956499570786697,0.9106032371782962,0.6299065601992528,0.5956499570786697
312,1.2768331234710333,0.6416999453727724,0.9592665344219029,0.6351331780982609,0.6416999453727724
313,1.190115615443803,0.5648681250301519,0.8774918702369775,0.6252474904136511,0.5648681250301519
314,1.469166610825364,0.5816970800038349,1.0254318454145994,0.8874695308215291,0.5816970800038349
315,1.2139204508396768,0.5702111627528699,0.8920658067962733,0.6437092880868069,0.5702111627528699
316,1.3009680373143744,0.588494544356388,0.9447312908353812,0.7124734929579863,0.588494544356388
317,1.3042853955896259,0.6349661588251673,0.9696257772073966,0.6693192367644586,0.6349661588251673
318,1.2639434068161948,0.5793590713998794,0.9216512391080371,0.6845843354163154,0.5793590713998794
319,1.155824960447369,0.6166610363638952,0.8862429984056321,0.5391639240834737,0.6166610363638952
320,1.175106998841063,0.6030129142544911,0.889059956547777,0.5720940845865718,0.6030129142544911
321,1.1488334604906054,0.5864092878700202,0.8676213741803128,0.5624241726205852,0.5864092878700202
322,1.3155003794281415,0.5819844324940092,0.9487424059610754,0.7335159469341322,0.5819844324940092
323,1.4229917804750882,0.5855904955102081,1.0042911379926482,0.8374012849648801,0.5855904955102081
324,1.3979545542588514,0.5710154585542888,0.9844850064065701,0.8269390957045626,0.5710154585542888
325,1.391165430171683,0.5943623417445568,0.9927638859581198,0.7968030884271261,0.5943623417445568
326,1.3608261134456532,0.6172135344372767,0.9890198239414649,0.7436125790083765,0.6172135344372767
327,1.6183685180580614,0.6184590643762539,1.1184137912171577,0.9999094536818075,0.6184590643762539
328,1.4403935310774871,0.6009615003945536,1.0206775157360204,0.8394320306829335,0.6009615003945536
329,1.4231534102744479,0.5434426580941697,0.9832980341843087,0.8797107521802782,0.5434426580941697
330,1.1461959692557426,0.5510285731394782,0.8486122711976104,0.5951673961162645,0.5510285731394782
331,1.3284775491814764,0.5721500969021615,0.9503138230418189,0.756327452279315,0.5721500969021615
332,1.264104178997875,0.5734701279301715,0.9187871534640233,0.6906340510677036,0.5734701279301715
333,1.297602529153217,0.5737766585811945,0.9356895938672057,0.7238258705720224,0.5737766585811945
334,1.1527394947667833,0.5698120926839956,0.8612757937253894,0.5829274020827877,0.5698120926839956
335,1.2956295431653424,0.5897299936526832,0.9426797684090128,0.7058995495126592,0.5897299936526832
336,1.3133666166381752,0.5717078793440452,0.9425372479911103,0.74165873729413,0.5717078793440452
337,0.9035952349043231,0.5701647933799037,0.7368800141421135,0.3334304415244195,0.7368800141421135
338,1.0734272892400978,0.5676155867998532,0.8205214380199755,0.5058117024402445,0.5676155867998532
339,1.0042523207113188,0.5583046152697732,0.781278467990546,0.4459477054415456,0.5583046152697732
340,1.0256510496366058,0.5618410174955214,0.7937460335660635,0.4638100321410844,0.5618410174955214
341,0.9182873834850999,0.558399634309622,0.7383435088973609,0.35988774917547783,0.558399634309622
342,1.0122630292806292,0.5446753395058269,0.7784691843932281,0.46758768977480225,0.5446753395058269
343,0.8068122203392449,0.5595705149689688,0.6831913676541068,0.24724170537027612,0.6831913676541068
344,0.8337233901076799,0.5537860101984758,0.6937547001530779,0.2799373799092041,0.6937547001530779
345,0.703777811361835,0.5515097937671368,0.6276438025644859,0.1522680175946982,0.6276438025644859
346,0.6824526750964207,0.5689626931668211,0.6257076841316209,0.11348998192959958,0.6257076841316209
347,0.7142643264428977,0.5528104299443127,0.6335373781936052,0.161453896498585,0.6335373781936052
348,0.774605539505655,0.5638346183423233,0.6692200789239892,0.21077092116333174,0.6692200789239892
349,0.8745922196141512,0.541048615905155,0.7078204177596531,0.3335436037089963,0.7078204177596531
350,0.7502955833603577,0.5242008213771602,0.6372482023687589,0.22609476198319756,0.6372482023687589
351,0.7085958643015368,0.5163053176584026,0.6124505909799697,0.19229054664313416,0.6124505909799697
352,0.7781177986178799,0.5159972322262715,0.6470575154220757,0.2621205663916084,0.6470575154220757
353,0.7531589542098531,0.5574896611062278,0.6553243076580404,0.19566929310362535,0.6553243076580404
354,0.6955378713118355,0.5274520392218924,0.611494955266864,0.1680858320899431,0.611494955266864
355,0.9476158061448835,0.5548684655679124,0.7512421358563979,0.39274734057697114,0.5548684655679124
356,0.7887476966317304,0.5251901680826486,0.6569689323571895,0.26355752854908177,0.6569689323571895
357,1.0722282464117456,0.5536542742424615,0.8129412603271036,0.5185739721692841,0.5536542742424615
358,1.081501111134014,0.55555309007508,0.818527100604547,0.525948021058934,0.55555309007508
359,1.1399426901073264,0.5427823203150389,0.8413625052111826,0.5971603697922875,0.5427823203150389
360,0.921478952170506,0.5315414218463897,0.7265101870084478,0.38993753032411627,0.5315414218463897
361,0.6102442949431848,0.5757345989396678,0.5929894469414263,0.03450969600351694,0.5929894469414263
362,0.9510974616557479,0.5494070795145162,0.750252270585132,0.40169038214123176,0.5494070795145162
363,1.2257484237649485,0.5546139540119225,0.8901811888884354,0.671134469753026,0.5546139540119225
364,1.0003457954633788,0.5421206231268964,0.7712332092951375,0.4582251723364824,0.5421206231268964
365,0.6830712114967527,0.553832552560813,0.6184518820287828,0.12923865893593967,0.6184518820287828
366,0.7056694691703315,0.5625974023254526,0.634133435747892,0.14307206684487883,0.634133435747892
367,0.5940722121557087,0.5591465885717887,0.5766094003637487,0.03492562358392004,0.5766094003637487
368,0.9069985502118347,0.4866920090509518,0.6968452796313933,0.42030654116088295,0.4866920090509518
369,0.8307450428479494,0.25824454735135194,0.5444947950996506,0.5725004954965974,0.25824454735135194
370,0.6627023355940128,0.4045252221647587,0.5336137788793858,0.2581771134292541,0.5336137788793858
371,0.45902161896778526,0.4113337000477263,0.4351776595077558,0.04768791892005897,0.4351776595077558
372,0.40946210377297826,0.4232113759476163,0.4163367398602973,0.01374927217463806,0.4163367398602973
373,0,0,0,0,0
374,0,0,0,0,0
375,0,0,0,0,0
376,0,0,0,0,0
377,0,0,0,0,0
378,0,0,0,0,0
379,0,0,0,0,0
380,0,0,0,0,0
381,0,0,0,0,0
382,0,0,0,0,0
383,0,0,0,0,0
384,0,0,0,0,0
385,0,0,0,0,0
386,0,0,0,0,0
387,0,0,0,0,0
388,0,0,0,0,0
389,0.2535250400001534,0.2717745026161242,0.2626497713081388,0.01824946261597077,0.2626497713081388
390,0.2470137019235676,0.3307313062124803,0.28887250406802395,0.0837176042889127,0.28887250406802395
391,0.21467477924393813,0.2607243405787833,0.2376995599113607,0.04604956133484517,0.2376995599113607
392,0.1761679242466698,0.27001601632673966,0.22309197028670474,0.09384809208006986,0.22309197028670474
393,0.18368357832661567,0.2701958242421172,0.2269397012843664,0.08651224591550152,0.2269397012843664
394,0.2070962530885838,0.25291143246396564,0.23000384277627473,0.04581517937538185,0.23000384277627473
395,0.17953519478618896,0.27535226823837183,0.2274437315122804,0.09581707345218288,0.2274437315122804
396,0.19632561490988573,0.2609110188497359,0.22861831687981082,0.06458540393985016,0.22861831687981082
397,0.16686033026406336,0.2694766621525854,0.2181684962083244,0.10261633188852207,0.2181684962083244
398,0.16655194323860661,0.28307661156762487,0.22481427740311574,0.11652466832901825,0.22481427740311574
399,0.19469141469193438,0.30161493320099486,0.24815317394646463,0.10692351850906048,0.24815317394646463
400,0.19810411665573988,0.2841913024501483,0.24114770955294407,0.08608718579440841,0.24114770955294407
401,0.17396830934873897,0.2725234077616427,0.22324585855519083,0.09855509841290372,0.22324585855519083
402,0.18946712826707526,0.2707378431510506,0.23010248570906294,0.08127071488397533,0.23010248570906294
403,0.17781148819234882,0.2730111381009643,0.22541131314665655,0.09519964990861546,0.22541131314665655
404,0.20825055002819776,0.2923228959491601,0.25028672298867893,0.08407234592096235,0.25028672298867893
405,0.18497577238603677,0.306758059822852,0.2458669161044444,0.12178228743681521,0.2458669161044444
406,0.2144089054758297,0.33206823754544745,0.2732385715106386,0.11765933206961776,0.2732385715106386
407,0.17671368715979852,0.32653523495985426,0.2516244610598264,0.14982154780005574,0.2516244610598264
408,0.1645930834010604,0.32255411678801227,0.24357360009453632,0.15796103338695186,0.24357360009453632
409,0.1719446192738557,0.3289901503382224,0.25046738480603903,0.15704553106436667,0.25046738480603903
410,0.1508736578249348,0.32961450117064617,0.24024407949779047,0.17874084334571136,0.24024407949779047
411,0.14255051528429288,0.31888424306269547,0.23071737917349416,0.1763337277784026,0.23071737917349416
412,0.19175814607360317,0.3187089048413103,0.25523352545745676,0.12695075876770714,0.25523352545745676
413,0.1685432301593436,0.3112167166766319,0.23987997341798778,0.1426734865172883,0.23987997341798778
414,0.16354892466488505,0.3121534078199132,0.2378511662423991,0.14860448315502814,0.2378511662423991
415,0.16817270061327588,0.30933805889032834,0.2387553797518021,0.14116535827705246,0.2387553797518021
416,0.17003864504400723,0.3208134465600396,0.2454260458020234,0.15077480151603234,0.2454260458020234
417,0.1660176632020336,0.31139273002652773,0.23870519661428066,0.14537506682449414,0.23870519661428066
418,0.16381067960046108,0.3129589289207216,0.23838480426059133,0.1491482493202605,0.23838480426059133
419,0.16111910138306673,0.3204375867213866,0.24077834405222667,0.15931848533831988,0.24077834405222667
420,0.16702524157467927,0.3244967473080257,0.24576099444135246,0.15747150573334642,0.24576099444135246
421,0.14462480441875236,0.31999706503864556,0.23231093472869896,0.1753722606198932,0.23231093472869896
422,0.10701522955399013,0.39009302076691643,0.24855412516045328,0.2830777912129263,0.24855412516045328
423,0.11471713214901227,0.37127959419505135,0.24299836317203183,0.25656246204603905,0.24299836317203183
424,0.25490743683113654,0.35371786637724384,0.3043126516041902,0.0988104295461073,0.3043126516041902
425,0.30220173077923046,0.3427962789467013,0.3224990048629659,0.04059454816747082,0.3224990048629659
426,0.27577170307712434,0.45350074802727564,0.3646362255522,0.1777290449501513,0.3646362255522
427,0,0,0,0,0
428,0,0,0,0,0
429,0,0,0,0,0
430,0,0,0,0,0
431,0,0,0,0,0
432,0,0,0,0,0
433,0,0,0,0,0
434,0,0,0,0,0
435,0,0,0,0,0
436,0,0,0,0,0
437,0,0,0,0,0
438,0,0,0,0,0
439,0,0,0,0,0
440,0,0,0,0,0
441,0,0,0,0,0
442,0,0,0,0,0
443,0,0,0,0,0
444,0,0,0,0,0
445,0,0,0,0,0
446,0,0,0,0,0
447,0,0,0,0,0
448,0,0,0,0,0
449,0,0,0,0,0
450,0,0,0,0,0
451,0,0,0,0,0
452,0,0,0,0,0
453,0,0,0,0,0
454,0.5699892943275034,0.6984520820917172,0.6342206882096103,0.12846278776421372,0.6342206882096103
455,0.48671728062426933,0.8474609257248455,0.6670891031745574,0.3607436451005762,0.48671728062426933
456,0,0,0,0,0
457,0,0,0,0,0
458,0,0,0,0,0
459,0.3151731827253383,0.5525634365420661,0.43386830963370215,0.2373902538167278,0.43386830963370215
460,0.3076890022574126,0.49431780902485317,0.4010034056411329,0.1866288067674406,0.4010034056411329
461,0.3644472799207236,0.42588465416284466,0.39516596704178414,0.061437374242121034,0.39516596704178414
462,0.38877026811317184,0.5388130156569646,0.4637916418850682,0.15004274754379276,0.4637916418850682
463,0.35763318001663963,0.40364811724514005,0.38064064863088987,0.04601493722850042,0.38064064863088987
464,0.3467479287297071,0.34725217479152365,0.3470000517606154,0.0005042460618165379,0.3470000517606154
465,0.35032301102865093,0.3683135718876576,0.3593182914581543,0.017990560859006688,0.3593182914581543
466,0.3453984447624965,0.3723902399952585,0.3588943423788775,0.026991795232762017,0.3588943423788775
467,0.38213622367570094,0.344174083272381,0.363155153474041,0.03796214040331991,0.363155153474041
468,0.408554105579028,0.3344940285621648,0.3715240670705964,0.07406007701686318,0.3715240670705964
469,0.395702746704341,0.39509907275965617,0.3954009097319986,0.0006036739446848571,0.3954009097319986
470,0.42635085064486067,0.393008468417308,0.4096796595310843,0.03334238222755265,0.4096796595310843
471,0.4195492323801678,0.35595256476022386,0.38775089857019585,0.06359666761994393,0.38775089857019585
472,0.4366613097932659,0.37702549974690064,0.4068434047700833,0.059635810046365256,0.4068434047700833
473,0.44803548470559845,0.3769228458583071,0.4124791652819528,0.07111263884729135,0.4124791652819528
474,0.46733187138862553,0.3951513413520378,0.43124160637033165,0.07218053003658775,0.43124160637033165
475,0.4367852104138045,0.3616659338807344,0.3992255721472695,0.0751192765330701,0.3992255721472695
476,0.4565879757799841,0.37147377972387763,0.41403087775193087,0.08511419605610648,0.41403087775193087
477,0.4549021082965509,0.38298967191099387,0.41894589010377237,0.07191243638555705,0.41894589010377237
478,0.4895415455762042,0.38997268339191554,0.43975711448405985,0.09956886218428868,0.43975711448405985
479,0.46631323551958254,0.36847465851701755,0.4173939470183,0.09783857700256499,0.4173939470183
480,0.4854683220656548,0.39594269204709587,0.44070550705637535,0.08952563001855895,0.44070550705637535
481,0.4537222579319387,0.40495485377707413,0.4293385558545064,0.04876740415486458,0.4293385558545064
482,0.3994108587151569,0.3942517422060262,0.39683130046059156,0.005159116509130701,0.39683130046059156
483,0.20733025623128787,0.25474382076994617,0.23103703850061702,0.047413564538658304,0.23103703850061702
484,0.28195493235559294,0.3826674420021479,0.3323111871788704,0.10071250964655498,0.3323111871788704
485,0.43783735411834895,0.3421811792805554,0.3900092666994522,0.09565617483779354,0.3900092666994522
486,0.38609112405595625,0.3708287388404283,0.37845993144819223,0.015262385215527974,0.37845993144819223
487,0.5523070476601433,0.31431755257995236,0.43331230012004784,0.2379894950801909,0.43331230012004784
488,0.5669953219979239,0.35086319457656007,0.45892925828724196,0.21613212742136384,0.45892925828724196
489,0.620028092072997,0.34983628298679326,0.48493218752989514,0.27019180908620377,0.48493218752989514
490,0.6358975914539204,0.341081440462807,0.4884895159583637,0.29481615099111347,0.4884895159583637
491,0.5846861454367484,0.37862321874486715,0.48165468209080775,0.2060629266918812,0.48165468209080775
492,0.4910715570884425,0.3582771520815256,0.42467435458498404,0.13279440500691692,0.42467435458498404
493,0.6308039139568593,0.3547289565009418,0.49276643522890057,0.2760749574559175,0.49276643522890057
494,0.614111674764712,0.27483248371143193,0.44447207923807197,0.33927919105328,0.44447207923807197
495,0.5721428525218037,0.32193620293133984,0.4470395277265718,0.2502066495904639,0.4470395277265718
496,0.5086259876261957,0.3161881331770398,0.4124070604016178,0.1924378544491559,0.4124070604016178
497,0.5143631635164166,0.29177544711508246,0.4030693053157496,0.22258771640133418,0.4030693053157496
498,0.5591098186358746,0.31316721489793004,0.4361385167669023,0.24594260373794458,0.4361385167669023
499,0.5217218231996595,0.2360548244274131,0.3788883238135363,0.28566699877224644,0.3788883238135363
500,0.5705871031769033,0.2691607030111593,0.4198739030940313,0.301426400165744,0.4198739030940313
501,0.4667323376691828,0.2973931407806918,0.3820627392249373,0.16933919688849103,0.3820627392249373
502,0.4464603629738623,0.29439516005754596,0.3704277615157041,0.15206520291631637,0.3704277615157041
503,0.4610929505984213,0.3276778512424677,0.3943854009204445,0.13341509935595364,0.3943854009204445
504,0.6391917056034452,0.3261596584114396,0.4826756820074424,0.31303204719200556,0.4826756820074424
505,0.5831872455411294,0.29123362036794825,0.4372104329545389,0.2919536251731812,0.4372104329545389
506,0.6313220546842069,0.2409134993678644,0.43611777702603566,0.39040855531634244,0.2409134993678644
507,0.6790890297261035,0.2148229978104784,0.44695601376829097,0.4642660319156251,0.2148229978104784
508,0.5688296943673601,0.2514569650907519,0.410143329729056,0.3173727292766082,0.410143329729056
509,0.5682234810055308,0.23760573928169004,0.4029146101436104,0.33061774172384073,0.4029146101436104
510,0.6319870452513153,0.32753449333218954,0.47976076929175243,0.3044525519191258,0.47976076929175243
511,0.6700985065409376,0.3093321195610029,0.48971531305097027,0.3607663869799347,0.3093321195610029
512,0.6311178843855155,0.34577772753838965,0.4884478059619526,0.2853401568471259,0.4884478059619526
513,0,0,0,0,0
514,0,0,0,0,0
515,0,0,0,0,0
516,0,0,0,0,0
517,0,0,0,0,0
518,0,0,0,0,0
519,0,0,0,0,0
520,0,0,0,0,0
521,0,0,0,0,0
522,0,0,0,0,0
523,0,0,0,0,0
524,0,0,0,0,0
525,0,0,0,0,0
526,0,0,0,0,0
527,0,0,0,0,0
528,0,0,0,0,0
529,0,0,0,0,0
530,0,0,0,0,0
531,0,0,0,0,0
532,0,0,0,0,0
533,0,0,0,0,0
534,0,0,0,0,0
535,0,0,0,0,0
536,0,0,0,0,0
537,0,0,0,0,0
538,0,0,0,0,0
539,0,0,0,0,0
540,0,0,0,0,0
541,0,0,0,0,0
542,0,0,0,0,0
543,0,0,0,0,0
544,0,0,0,0,0
545,0,0,0,0,0
546,0,0,0,0,0
547,0.43014752206190704,0.20514933067547833,0.31764842636869267,0.2249981913864287,0.31764842636869267
548,0.4055463422664342,0.17146002448995967,0.2885031833781969,0.23408631777647454,0.2885031833781969
549,0.32742141418007,0.212168226338714,0.269794820259392,0.11525318784135599,0.269794820259392
550,0.27903268777873713,0.3258442166882256,0.30243845223348137,0.046811528909488476,0.30243845223348137
551,0.30463759644499794,0.32740244417085973,0.31602002030792886,0.022764847725861792,0.31602002030792886
552,0.33147244451097263,0.3170179392177258,0.3242451918643492,0.014454505293246822,0.3242451918643492
553,0.29566996787712746,0.3281878742138998,0.3119289210455136,0.03251790633677232,0.3119289210455136
554,0.2746096044670425,0.3342792388447638,0.30444442165590313,0.05966963437772127,0.30444442165590313
555,0.3443908776441947,0.34698570322174216,0.34568829043296845,0.002594825577547477,0.34568829043296845
556,0.34104324447698103,0.36125365667319453,0.3511484505750878,0.0202104121962135,0.3511484505750878
557,0.31479405735038707,0.3522213496504509,0.333507703500419,0.03742729230006381,0.333507703500419
558,0.30409780975425965,0.35008707282213003,0.3270924412881948,0.04598926306787038,0.3270924412881948
559,0.2908660069974652,0.37425696111880874,0.33256148405813696,0.08339095412134356,0.33256148405813696
560,0.33438484697883974,0.3429352962046925,0.33866007159176614,0.008550449225852741,0.33866007159176614
561,0.3748051986069718,0.3370208023226241,0.35591300046479796,0.03778439628434771,0.35591300046479796
562,0.3435169521643448,0.35272047701715736,0.34811871459075105,0.009203524852812561,0.34811871459075105
563,0.30181396052326565,0.34529503759239377,0.32355449905782974,0.04348107706912813,0.32355449905782974
564,0.35490753370233036,0.3718799291546641,0.36339373142849724,0.016972395452333755,0.36339373142849724
565,0.3630373680336246,0.40116644824266234,0.3821019081381435,0.03812908020903777,0.3821019081381435
566,0.3998151854143797,0.39579963529276413,0.3978074103535719,0.004015550121615585,0.3978074103535719
567,0.3989473519995482,0.40189300475051404,0.40042017837503113,0.0029456527509658104,0.40042017837503113
568,0.40692472392874307,0.4207646513540823,0.4138446876414127,0.013839927425339238,0.4138446876414127
569,0.3242223729436722,0.3927120487598786,0.35846721085177535,0.06848967581620641,0.35846721085177535
570,0.1493594828249853,0.24018093796545892,0.1947702103952221,0.09082145514047363,0.1947702103952221
571,0.22630930504144667,0.19801956417741937,0.21216443460943302,0.028289740864027302,0.21216443460943302
572,0.3343124644287381,0.18057173056981182,0.25744209749927494,0.15374073385892625,0.25744209749927494
573,0.3666998144064526,0.2541827688281276,0.3104412916172901,0.11251704557832498,0.3104412916172901
574,0.37634308721391796,0.3518892711087376,0.36411617916132777,0.02445381610518038,0.36411617916132777
575,0.37572563610294357,0.34877487060348444,0.36225025335321404,0.02695076549945913,0.36225025335321404
576,0.4286756662664445,0.37866500957900234,0.40367033792272344,0.050010656687442145,0.40367033792272344
577,0.4296158067050603,0.39055476704159214,0.41008528687332624,0.03906103966346813,0.41008528687332624
578,0.45048068155778476,0.38073775130523296,0.41560921643150883,0.0697429302525518,0.41560921643150883
579,0.42677063644239965,0.40923201206265003,0.41800132425252484,0.017538624379749623,0.41800132425252484
580,0.4421589420641705,0.44214384363499476,0.4421513928495826,1.5098429175741668e-05,0.4421513928495826
581,0.46496764133612933,0.43814049772800884,0.4515540695320691,0.026827143608120496,0.4515540695320691
582,0.4870236403627903,0.4528760824154176,0.46994986138910394,0.034147557947372675,0.46994986138910394
583,0.5184587953238595,0.4728058127040982,0.49563230401397884,0.045652982619761306,0.49563230401397884
584,0.5222573965158712,0.46706966897458513,0.4946635327452282,0.05518772754128609,0.4946635327452282
585,0.5283443849229315,0.45250310476396116,0.4904237448434463,0.07584128015897029,0.4904237448434463
586,0.5259298500770617,0.4684084814708507,0.4971691657739562,0.05752136860621104,0.4971691657739562
587,0.5133392997257562,0.4621723932964838,0.48775584651112003,0.05116690642927241,0.48775584651112003
588,0.48592215895682644,0.46131573133100423,0.47361894514391534,0.024606427625822214,0.47361894514391534
589,0.5077679735163035,0.4472272070716821,0.47749759029399286,0.06054076644462142,0.47749759029399286
590,0.49094874199289606,0.39660001043119303,0.4437743762120445,0.09434873156170304,0.4437743762120445
591,0.5598953416797374,0.36302103603812613,0.46145818885893175,0.1968743056416113,0.46145818885893175
592,0.5175366329237796,0.3761046728314645,0.44682065287762207,0.14143196009231512,0.44682065287762207
593,0.5321007266885251,0.37687797157665565,0.4544893491325904,0.1552227551118695,0.4544893491325904
594,0.5007081817227155,0.3745747125246704,0.4376414471236929,0.12613346919804508,0.4376414471236929
595,0.4863513790103938,0.40103175623138376,0.4436915676208888,0.08531962277901006,0.4436915676208888
596,0.5434662451085296,0.44782548376262843,0.495645864435579,0.09564076134590116,0.495645864435579
597,0.5275918881302416,0.4117680586740245,0.4696799734021331,0.11582382945621711,0.4696799734021331
598,0.5034516483019874,0.42565303892621636,0.4645523436141019,0.07779860937577104,0.4645523436141019
599,0.504489280328526,0.4403492582273672,0.47241926927794664,0.06414002210115882,0.47241926927794664
600,0.48559771912188593,0.4291001294162565,0.45734892426907126,0.0564975897056294,0.45734892426907126
601,0.445883023932225,0.42335835356610496,0.434620688749165,0.022524670366120048,0.434620688749165
602,0.46478951466670204,0.40496162142671677,0.4348755680467094,0.059827893239985275,0.4348755680467094
603,0.4614558165446702,0.4054564925763407,0.43345615456050546,0.05599932396832952,0.43345615456050546
604,0.4828860661441462,0.39191772926553725,0.4374018977048417,0.09096833687860895,0.4374018977048417
605,0.46497331618923704,0.4124848706547116,0.4387290934219743,0.05248844553452542,0.4387290934219743
606,0.49143684327232184,0.4452422315325501,0.46833953740243595,0.04619461173977174,0.46833953740243595
607,0.47763359054733884,0.46071567904237815,0.4691746347948585,0.016917911504960692,0.4691746347948585
608,0.49172631713865,0.4726339532695099,0.48218013520408,0.019092363869140094,0.48218013520408
609,0.4979576587685583,0.5032657620344673,0.5006117104015128,0.00530810326590897,0.5006117104015128
610,0.4855035416613175,0.5135752838783999,0.4995394127698587,0.028071742217082418,0.4995394127698587
611,0.4636494363173948,0.503535414676041,0.4835924254967179,0.03988597835864621,0.4835924254967179
612,0.4336269641311253,0.511655752826426,0.47264135847877564,0.07802878869530067,0.47264135847877564
613,0.47909567552422017,0.5293399822813207,0.5042178289027704,0.050244306757100565,0.5042178289027704
614,0.45657880845844045,0.489938421621364,0.4732586150399022,0.03335961316292352,0.4732586150399022
615,0.4524734393359268,0.48519555704658857,0.46883449819125766,0.03272211771066175,0.46883449819125766
616,0.43894542890267635,0.5369120906695715,0.48792875978612393,0.09796666176689511,0.48792875978612393
617,0.4104173531408619,0.5628840447138092,0.48665069892733553,0.15246669157294723,0.48665069892733553
618,0.37332193833246374,0.571877643513295,0.47259979092287935,0.1985557051808312,0.47259979092287935
619,0.42460729722508594,0.5607533940725098,0.49268034564879787,0.13614609684742385,0.49268034564879787
620,0.4249706755035315,0.5574478635389073,0.4912092695212194,0.13247718803537578,0.4912092695212194
621,0.41280759828236013,0.5779634075259442,0.4953855029041522,0.16515580924358408,0.4953855029041522
622,0.40470743913503066,0.5555159016544334,0.480111670394732,0.15080846251940278,0.480111670394732
623,0.4153441048071134,0.5567418561250831,0.4860429804660983,0.14139775131796967,0.4860429804660983
624,0.42579757463254153,0.5515657342934976,0.4886816544630196,0.1257681596609561,0.4886816544630196
625,0.4416209182320383,0.5428737474031846,0.49224733281761146,0.10125282917114631,0.49224733281761146
626,0.45189943405838295,0.5557054855311704,0.5038024597947767,0.10380605147278743,0.5038024597947767
627,0.34722920427505566,0.4880398006157112,0.4176345024453834,0.14081059634065551,0.4176345024453834
628,0.2228542617807154,0.20832564636462086,0.21558995407266812,0.014528615416094542,0.21558995407266812
629,0.12883947552921174,0.231087179179292,0.17996332735425186,0.10224770365008026,0.17996332735425186
630,0.20453507690038422,0.2657888868130115,0.23516198185669784,0.06125380991262727,0.23516198185669784
631,0.2369882373211838,0.29002487457328036,0.26350655594723205,0.05303663725209656,0.26350655594723205
632,0.2897826101213588,0.3073777552034991,0.2985801826624289,0.017595145082140273,0.2985801826624289
633,0.25317903015850796,0.3270083910028845,0.2900937105806962,0.07382936084437652,0.2900937105806962
634,0.499531189006259,0.3336206823208266,0.4165759356635428,0.1659105066854324,0.4165759356635428
635,0.7380160039845219,0.2670258243892443,0.5025209141868832,0.4709901795952776,0.2670258243892443
636,0.3437537193503968,0.23327692323841337,0.28851532129440505,0.11047679611198341,0.28851532129440505
637,0.46279390233342754,0.31236774682494955,0.3875808245791885,0.150426155508478,0.3875808245791885
638,0.47598541176396214,0.2895391127132638,0.382762262238613,0.18644629905069832,0.382762262238613
639,0.5045087651256824,0.2768433522113684,0.3906760586685254,0.22766541291431402,0.3906760586685254
640,0.5566860899439882,0.28309362992770687,0.4198898599358475,0.2735924600162813,0.4198898599358475
641,0.49954433147920063,0.3281264117514156,0.41383537161530815,0.17141791972778503,0.41383537161530815
642,0.41950327578249125,0.30173469010845083,0.360618982945471,0.11776858567404042,0.360618982945471
643,0.3914972503321803,0.278931989980412,0.33521462015629616,0.11256526035176828,0.33521462015629616
644,0.39583671315568575,0.28031543563641087,0.3380760743960483,0.11552127751927488,0.3380760743960483
645,0.3917128514062935,0.24738768234765932,0.3195502668769764,0.1443251690586342,0.3195502668769764
646,0.4290087360948644,0.2675722392199251,0.3482904876573948,0.16143649687493927,0.3482904876573948
647,0.4019420926450774,0.2513610376630716,0.3266515651540745,0.1505810549820058,0.3266515651540745
648,0.41302322080252635,0.28263772838628975,0.3478304745944081,0.1303854924162366,0.3478304745944081
649,0.40861243054617774,0.28309040052142714,0.34585141553380244,0.1255220300247506,0.34585141553380244
650,0.43113072424362486,0.260994232140065,0.34606247819184494,0.17013649210355986,0.34606247819184494
651,0.4220361953553982,0.28599160060054357,0.3540138979779709,0.13604459475485464,0.3540138979779709
652,0.4445264156668568,0.24319301927735207,0.3438597174721044,0.20133339638950473,0.3438597174721044
653,0.4531601396895413,0.269784751029732,0.36147244535963663,0.1833753886598093,0.36147244535963663
654,0.44376163942965785,0.26834255672398355,0.3560520980768207,0.1754190827056743,0.3560520980768207
655,0.41696423138089045,0.2603517900538236,0.338658010717357,0.15661244132706686,0.338658010717357
656,0.4304658074980461,0.25887420152186447,0.3446700045099553,0.17159160597618162,0.3446700045099553
657,0.42863788615380294,0.25106793369393976,0.33985290992387135,0.17756995245986318,0.33985290992387135
658,0.418069316824676,0.2583709468709654,0.33822013184782074,0.15969836995371062,0.33822013184782074
659,0.43328125324191297,0.2566652482762637,0.34497325075908836,0.17661600496564928,0.34497325075908836
660,0.4191767592144529,0.2368942550643434,0.32803550713939816,0.18228250415010952,0.32803550713939816
661,0.5154709649784592,0.2647919765050741,0.3901314707417667,0.25067898847338516,0.3901314707417667
662,0.5028670119381792,0.2986114310906108,0.400739221514395,0.2042555808475684,0.400739221514395
663,0.47272598635762214,0.2670892014323708,0.3699075938949965,0.20563678492525134,0.3699075938949965
664,0.498080813106128,0.24415722554524852,0.37111901932568825,0.2539235875608795,0.37111901932568825
665,0.47707458652379375,0.23191760506923978,0.35449609579651675,0.24515698145455397,0.35449609579651675
666,0.53528489708831,0.26405079859375813,0.39966784784103404,0.2712340984945518,0.39966784784103404
667,0.44326599708688924,0.2052475034876849,0.32425675028728707,0.23801849359920435,0.32425675028728707
668,0.49887900734054935,0.26606916300264405,0.3824740851715967,0.2328098443379053,0.3824740851715967
669,0.4743987144017995,0.2627796353604436,0.36858917488112153,0.2116190790413559,0.36858917488112153
670,0.47362163375932936,0.2509897931552174,0.36230571345727336,0.22263184060411195,0.36230571345727336
671,0.4917512408288356,0.23549476422099436,0.363623002524915,0.25625647660784123,0.363623002524915
672,0.8772533018921075,0.24438760905744994,0.5608204554747787,0.6328656928346575,0.24438760905744994
673,0.8220795423768265,0.20777238778289275,0.5149259650798597,0.6143071545939337,0.20777238778289275
674,0.8060841029451956,0.2809527534648897,0.5435184282050427,0.5251313494803059,0.2809527534648897
675,0.8025519022304969,0.2861755686387274,0.5443637354346121,0.5163763335917695,0.2861755686387274
676,0,0,0,0,0
677,0,0,0,0,0
678,0,0,0,0,0
679,0,0,0,0,0
680,0,0,0,0,0
681,0,0,0,0,0
682,0,0,0,0,0
683,0,0,0,0,0
684,0,0,0,0,0
685,0,0,0,0,0
686,0,0,0,0,0
687,0,0,0,0,0
688,0,0,0,0,0
689,0,0,0,0,0
690,0,0,0,0,0
691,0,0,0,0,0
692,0,0,0,0,0
693,0,0,0,0,0
694,0,0,0,0,0
695,0,0,0,0,0
696,0,0,0,0,0
697,0,0,0,0,0
698,0,0,0,0,0
699,0,0,0,0,0
700,0,0,0,0,0
701,0,0,0,0,0
702,0,0,0,0,0
703,0,0,0,0,0
704,0,0,0,0,0
705,0,0,0,0,0
706,0,0,0,0,0
707,0,0,0,0,0
708,0,0,0,0,0
709,0,0,0,0,0
710,0,0,0,0,0
711,0,0,0,0,0
712,0.5853644870488748,0.21946851310012863,0.4024165000745017,0.3658959739487462,0.21946851310012863
713,0.7284951061059303,0.18653916170072093,0.4575171339033256,0.5419559444052093,0.18653916170072093
714,0.495817274318843,0.2471139090587175,0.37146559168878024,0.2487033652601255,0.37146559168878024
715,0.6096516652078022,0.15712256563826044,0.38338711542303133,0.4525290995695418,0.15712256563826044
716,0.4971647234943932,0.23082221893971813,0.36399347121705566,0.2663425045546751,0.36399347121705566
717,0.6335816127808334,0.22707378570985365,0.43032769924534353,0.4065078270709797,0.22707378570985365
718,0.46633265711360294,0.27648212561121666,0.3714073913624098,0.1898505315023863,0.3714073913624098
719,0.3775377931651045,0.2586949624708499,0.3181163778179772,0.11884283069425461,0.3181163778179772
720,0.26740886582091494,0.26485236998938677,0.26613061790515086,0.0025564958315281716,0.26613061790515086
721,0.23747738896564705,0.34304498054463195,0.2902611847551395,0.1055675915789849,0.2902611847551395
722,0.3453622359308837,0.24425501370046726,0.2948086248156755,0.10110722223041646,0.2948086248156755
723,0.3606595143172334,0.34081358204139434,0.3507365481793139,0.019845932275839084,0.3507365481793139
724,0.3773366063876386,0.30242449584169745,0.33988055111466803,0.07491211054594116,0.33988055111466803
725,0.48508076227566915,0.34104244041254966,0.4130616013441094,0.1440383218631195,0.4130616013441094
726,0.4600577364475897,0.3484603015731403,0.404259019010365,0.1115974348744494,0.404259019010365
727,0.4216653738882972,0.39921181016330864,0.4104385920258029,0.02245356372498858,0.4104385920258029
728,0.5368896004876273,0.3854916255790903,0.46119061303335884,0.15139797490853707,0.46119061303335884
729,0.38000078949702515,0.3753463284315951,0.3776735589643101,0.004654461065430049,0.3776735589643101
730,0.34254360939604755,0.31432629967322107,0.32843495453463434,0.02821730972282649,0.32843495453463434
731,0.38240385263652454,0.32998822364531355,0.35619603814091905,0.052415628991210994,0.35619603814091905
732,0.42899945243629634,0.35236196338790265,0.3906807079120995,0.07663748904839368,0.3906807079120995
733,0.38689818260485576,0.31680872223902706,0.35185345242194144,0.07008946036582869,0.35185345242194144
734,0.3082833044277238,0.3611637149210599,0.33472350967439185,0.05288041049333614,0.33472350967439185
735,0.2822633448254905,0.39746557383628095,0.3398644593308857,0.11520222901079047,0.3398644593308857
736,0.3298144297938202,0.3840722795249507,0.3569433546593854,0.054257849731130514,0.3569433546593854
737,0.38462704209649967,0.5252416967911685,0.4549343694438341,0.14061465469466883,0.4549343694438341
738,0.37980294138904713,0.4910965144299121,0.4354497279094796,0.11129357304086496,0.4354497279094796
739,0.4033779792421115,0.5381762308024904,0.47077710502230097,0.13479825156037895,0.47077710502230097
740,0.3849995752918667,0.5924092229066568,0.4887043990992617,0.20740964761479008,0.4887043990992617
741,0.44974379499893236,0.5430962821393214,0.49642003856912686,0.09335248714038902,0.49642003856912686
742,0.4705051863322281,0.6377175723616154,0.5541113793469218,0.16721238602938732,0.5541113793469218
743,0.42894806866721513,0.6396970342173127,0.5343225514422639,0.2107489655500976,0.5343225514422639
744,0.4681809579739604,0.6500894482274285,0.5591352031006944,0.1819084902534681,0.5591352031006944
745,0.47974662067900614,0.6034630619472355,0.5416048413131208,0.1237164412682294,0.5416048413131208
746,0.47997086512201054,0.6263773908532707,0.5531741279876407,0.14640652573126017,0.5531741279876407
747,0.4034922494402064,0.8113737427115201,0.6074329960758632,0.4078814932713137,0.4034922494402064
748,0.3406207605798837,0.6322209665499933,0.4864208635649385,0.29160020597010955,0.4864208635649385
749,0.3671952598187414,0.6230866276187477,0.4951409437187445,0.25589136780000626,0.4951409437187445
750,0.3979003414867108,0.47489318552625803,0.4363967635064844,0.07699284403954726,0.4363967635064844
751,0.2914510000359308,0.441603884394174,0.3665274422150524,0.1501528843582432,0.3665274422150524
752,0.20577361370170325,0.43443287875316666,0.32010324622743497,0.22865926505146342,0.32010324622743497
753,0.16184731520226528,0.4006167685074467,0.281232041854856,0.23876945330518143,0.281232041854856
754,0.29343614963692954,0.5374199660550144,0.415428057845972,0.24398381641808486,0.415428057845972
755,0.3446359277621793,0.5680684224498896,0.45635217510603443,0.22343249468771037,0.45635217510603443
756,0.39098867602823284,0.6171482951954913,0.504068485611862,0.22615961916725846,0.504068485611862
757,0.387794339186519,0.502027589000906,0.44491096409371256,0.11423324981438704,0.44491096409371256
758,0.22660462538112422,0.4302201920409263,0.3284124087110253,0.2036155666598021,0.3284124087110253
759,0.13120735678944825,0.3952186854434534,0.26321302111645084,0.2640113286540051,0.26321302111645084
760,0.08858824613216526,0.28093897686417185,0.18476361149816856,0.1923507307320066,0.18476361149816856
761,0.07057281609089563,0.29443200827862176,0.1825024121847587,0.22385919218772612,0.1825024121847587
762,0.11721773038556392,0.25004879053803925,0.1836332604618016,0.1328310601524753,0.1836332604618016
763,0.13999515553037678,0.2299430293383101,0.18496909243434345,0.08994787380793332,0.18496909243434345
764,0.2375756238986087,0.30921721696545523,0.27339642043203194,0.07164159306684653,0.27339642043203194
765,0.1929851368476323,0.306785463557499,0.24988530020256566,0.11380032670986673,0.24988530020256566
766,0.19942639634463058,0.27514479835840394,0.23728559735151727,0.07571840201377336,0.23728559735151727
767,0.3337875233696385,0.27573012100644084,0.3047588221880397,0.058057402363197674,0.3047588221880397
768,0.2858193271543613,0.3269324841837528,0.30637590566905704,0.0411131570293915,0.30637590566905704
769,0.3373440754434732,0.2893968019301421,0.3133704386868077,0.04794727351333111,0.3133704386868077
770,0.3135131978714837,0.3641593585514697,0.33883627821147666,0.05064616067998601,0.33883627821147666
771,0.2907748661416566,0.3312803527790357,0.31102760946034613,0.04050548663737913,0.31102760946034613
772,0.29613142222745154,0.3577796298077237,0.3269555260175876,0.061648207580272174,0.3269555260175876
773,0.24530798676489815,0.3009273829886191,0.27311768487675864,0.055619396223720946,0.27311768487675864
774,0.28316538266651076,0.28413720812957255,0.2836512953980417,0.0009718254630617928,0.2836512953980417
775,0.2355598607900395,0.25873146897067223,0.24714566488035586,0.02317160818063274,0.24714566488035586
776,0.27437907746086165,0.2955246407954227,0.28495185912814214,0.021145563334561024,0.28495185912814214
777,0.268084594731484,0.3165023715239924,0.2922934831277382,0.048417776792508416,0.2922934831277382
778,0.25759659769098364,0.30239487081548505,0.2799957342532343,0.04479827312450141,0.2799957342532343
779,0.3277085082509137,0.31305572894405737,0.32038211859748555,0.014652779306856323,0.32038211859748555
780,0.3130578595014862,0.2838464361887179,0.29845214784510204,0.02921142331276827,0.29845214784510204
781,0.24987821810172225,0.2667556366851776,0.2583169273934499,0.016877418583455345,0.2583169273934499
782,0.2441593742591247,0.3142979918973836,0.27922868307825416,0.0701386176382589,0.27922868307825416
783,0.2898309637469286,0.27395525924403075,0.2818931114954797,0.01587570450289788,0.2818931114954797
784,0.23935005179565655,0.2985545361134422,0.26895229395454934,0.05920448431778563,0.26895229395454934
785,0.3155251535384004,0.2730826670097957,0.2943039102740981,0.04244248652860466,0.2943039102740981
786,0.2741649277748658,0.2891758378696064,0.2816703828222361,0.015010910094740593,0.2816703828222361
787,0.294299651474389,0.2967031922582361,0.29550142186631256,0.00240354078384708,0.29550142186631256
788,0.3062431686149878,0.2963411659319489,0.30129216727346836,0.009902002683038869,0.30129216727346836
789,0.3108629915633285,0.27409040433841203,0.2924766979508703,0.03677258722491644,0.2924766979508703
790,0.291671642648715,0.2821340120008908,0.2869028273248029,0.009537630647824202,0.2869028273248029
791,0.2605996814008133,0.27210667670589705,0.2663531790533552,0.011506995305083756,0.2663531790533552
792,0.2631338097978318,0.27919142643418293,0.2711626181160074,0.016057616636351135,0.2711626181160074
793,0.24903310954265953,0.26275235627230853,0.25589273290748404,0.013719246729648998,0.25589273290748404
794,0.2793125105052068,0.25600382945284544,0.26765816997902614,0.023308681052361335,0.26765816997902614
795,0.2718516763309805,0.2913527246394664,0.28160220048522344,0.01950104830848587,0.28160220048522344
796,0.3199070606022551,0.31467895006371666,0.3172930053329859,0.005228110538538444,0.3172930053329859
797,0.3465613348310321,0.29322174669810447,0.31989154076456827,0.05333958813292761,0.31989154076456827
798,0.32092562556360227,0.29185693263254714,0.30639127909807473,0.02906869293105513,0.30639127909807473
799,0.3315996904810358,0.2988453832662481,0.315222536873642,0.032754307214787726,0.315222536873642
800,0.29290890002983727,0.2867419550394961,0.28982542753466667,0.00616694499034115,0.28982542753466667
801,0.29553711565366003,0.2869698138692506,0.2912534647614553,0.008567301784409453,0.2912534647614553
802,0.3176287677916114,0.32460346991240585,0.32111611885200864,0.006974702120794429,0.32111611885200864
803,0.3264083334768515,0.3380195786307657,0.3322139560538086,0.011611245153914207,0.3322139560538086
804,0.2753656098892866,0.316273593752606,0.2958196018209463,0.0409079838633194,0.2958196018209463
805,0.2609074400810687,0.3381610465758769,0.2995342433284728,0.07725360649480822,0.2995342433284728
806,0.2595723674301527,0.3575195408915173,0.30854595416083497,0.09794717346136456,0.30854595416083497
807,0.23931827888476118,0.33855038039149593,0.28893432963812854,0.09923210150673475,0.28893432963812854
808,0.23202761398437913,0.3467473946140666,0.2893875042992229,0.11471978062968749,0.2893875042992229
809,0.24574398266360123,0.3404764969497721,0.29311023980668666,0.09473251428617088,0.29311023980668666
810,0.21860088205404274,0.3118865551199465,0.26524371858699464,0.09328567306590377,0.26524371858699464
811,0.2607024015455967,0.3594360763152822,0.3100692389304395,0.09873367476968548,0.3100692389304395
812,0.23804049333761548,0.35322825258220647,0.29563437295991096,0.11518775924459099,0.29563437295991096
813,0.1930405998467611,0.36028856896713873,0.2766645844069499,0.16724796912037762,0.2766645844069499
814,0.19846125756939634,0.34247730938678744,0.2704692834780919,0.1440160518173911,0.2704692834780919
815,0.18858530021737516,0.3374568153605886,0.2630210577889819,0.14887151514321342,0.2630210577889819
816,0.181160986352213,0.37169536684395965,0.27642817659808633,0.19053438049174665,0.27642817659808633
817,0.15578286826408222,0.35274366573654553,0.2542632670003139,0.1969607974724633,0.2542632670003139
818,0.1770830212720519,0.34151586255656746,0.25929944191430965,0.16443284128451557,0.25929944191430965
819,0.22589130081311434,0.3491995148376864,0.2875454078254004,0.12330821402457207,0.2875454078254004
820,0.2639641040941683,0.3428386739560533,0.3034013890251108,0.07887456986188496,0.3034013890251108
821,0.3409311082519172,0.38933483650066925,0.3651329723762932,0.048403728248752054,0.3651329723762932
822,0.4391326456745227,0.411477123030484,0.42530488435250335,0.0276555226440387,0.42530488435250335
823,0.42479852141428587,0.3968183315032206,0.41080842645875326,0.027980189911065267,0.41080842645875326
824,0.4209168140316975,0.3851197194442134,0.4030182667379555,0.03579709458748409,0.4030182667379555
825,0.40487725653923134,0.38598265040682417,0.3954299534730278,0.018894606132407177,0.3954299534730278
826,0.22505513142692127,0.2729950461506612,0.24902508878879126,0.04793991472373996,0.24902508878879126
827,0.1642607353016229,0.298716282619923,0.23148850896077294,0.1344555473183001,0.23148850896077294
828,0.17427473056524026,0.28711253489932137,0.23069363273228083,0.11283780433408111,0.23069363273228083
829,0.18259550298436533,0.32487141715374623,0.2537334600690558,0.1422759141693809,0.2537334600690558
830,0.2567069021389143,0.27045781589279,0.26358235901585214,0.013750913753875715,0.26358235901585214
831,0.22628155948935014,0.2647426704539827,0.24551211497166642,0.03846111096463256,0.24551211497166642
832,0.3063121127031167,0.3081901248857245,0.3072511187944206,0.0018780121826078022,0.3072511187944206
833,0.3471308333918437,0.35757135134418083,0.35235109236801226,0.010440517952337136,0.35235109236801226
834,0.41591595750385013,0.33023186754610306,0.37307391252497657,0.08568408995774707,0.37307391252497657
835,0.42540700212241955,0.3426618512955621,0.3840344267089908,0.08274515082685746,0.3840344267089908
836,0.38125385787636323,0.2935926128582976,0.33742323536733043,0.08766124501806566,0.33742323536733043
837,0.3516332615508991,0.27056228405346244,0.31109777280218076,0.08107097749743664,0.31109777280218076
838,0.29448776075973443,0.27770195660377817,0.2860948586817563,0.016785804155956263,0.2860948586817563
839,0.4021995644859443,0.3397992257382799,0.3709993951121121,0.062400338747664374,0.3709993951121121
840,0.3704759619163609,0.23801337454896107,0.304244668232661,0.13246258736739983,0.304244668232661
841,0.3970269049493773,0.23974365475498116,0.31838527985217924,0.15728325019439615,0.31838527985217924
842,0.44861110418990774,0.20420798640239674,0.32640954529615224,0.244403117787511,0.32640954529615224
843,0.4317720043072974,0.1538876074461177,0.29282980587670754,0.2778843968611797,0.29282980587670754
844,0,0,0,0,0
845,0.37889087592428683,0.16001498848915996,0.2694529322067234,0.21887588743512687,0.2694529322067234
846,0,0,0,0,0
847,0,0,0,0,0
848,0,0,0,0,0
849,0,0,0,0,0
850,0,0,0,0,0
851,0,0,0,0,0
852,0,0,0,0,0
853,0,0,0,0,0
854,0,0,0,0,0
855,0,0,0,0,0
856,0,0,0,0,0
857,0,0,0,0,0
858,0,0,0,0,0
859,0,0,0,0,0
860,0,0,0,0,0
861,0,0,0,0,0
862,0,0,0,0,0
863,0,0,0,0,0
864,0,0,0,0,0
865,0,0,0,0,0
866,0,0,0,0,0
867,0.36848291065443867,0.15765315204714367,0.26306803135079115,0.210829758607295,0.26306803135079115
868,0.4698537678330323,0.14367506447607123,0.30676441615455174,0.3261787033569611,0.30676441615455174
869,0.3794143290711925,0.19981171314655308,0.28961302110887277,0.1796026159246394,0.28961302110887277
870,0,0,0,0,0
871,0,0,0,0,0
872,0,0,0,0,0
873,0,0,0,0,0
874,0,0,0,0,0
875,0,0,0,0,0
876,0,0,0,0,0
877,0,0,0,0,0
878,0,0,0,0,0
879,0,0,0,0,0
880,0,0,0,0,0
881,0,0,0,0,0
882,0,0,0,0,0
883,0.4384562085652934,0.2192495285319537,0.32885286854862356,0.21920668003333968,0.32885286854862356
884,0.5111773164396559,0.24193620535548055,0.37655676089756823,0.26924111108417537,0.37655676089756823
885,0.4704779138999354,0.2634669295817143,0.36697242174082484,0.20701098431822107,0.36697242174082484
886,0,0,0,0,0
887,0.4488206319078658,0.15565483220044765,0.3022377320541567,0.2931657997074182,0.3022377320541567
888,0.35757565366917615,0.1516708605112988,0.2546232570902375,0.20590479315787735,0.2546232570902375
889,0.37797055828037845,0.23328318729806133,0.3056268727892199,0.14468737098231713,0.3056268727892199
890,0,0,0,0,0
891,0.5146390074122602,0.273748502021152,0.3941937547167061,0.24089050539110823,0.3941937547167061
892,0.4023610410074019,0.29981071121729164,0.35108587611234676,0.10255032979011025,0.35108587611234676
893,0,0,0,0,0
894,0,0,0,0,0
895,0,0,0,0,0
896,0,0,0,0,0
897,0,0,0,0,0
898,0.4305430258817856,0.2191361806181563,0.32483960324997097,0.21140684526362932,0.32483960324997097
899,0.41023980533281534,0.16745522499921917,0.28884751516601725,0.24278458033359618,0.28884751516601725
900,0,0,0,0,0
901,0,0,0,0,0
902,0,0,0,0,0
903,0,0,0,0,0
904,0,0,0,0,0
905,0,0,0,0,0
906,0,0,0,0,0
907,0,0,0,0,0
908,0,0,0,0,0
909,0,0,0,0,0
910,0,0,0,0,0
911,0,0,0,0,0
912,0,0,0,0,0
913,0,0,0,0,0
914,0,0,0,0,0
915,0.4400644885531362,0.3179005506360961,0.37898251959461615,0.12216393791704006,0.37898251959461615
916,0.4387531937001177,0.20923833093852082,0.32399576231931926,0.2295148627615969,0.32399576231931926
917,0,0,0,0,0
918,0,0,0,0,0
919,0,0,0,0,0
920,0,0,0,0,0
921,0.3524640685160863,0.3878005487583791,0.3701323086372327,0.0353364802422928,0.3701323086372327
922,0.4590487100990707,0.3747694149279989,0.4169090625135348,0.0842792951710718,0.4169090625135348
923,0.33000696421691733,0.3112791190268138,0.3206430416218656,0.01872784519010351,0.3206430416218656
924,0.5207521595425904,0.31390842547273684,0.4173302925076636,0.2068437340698535,0.4173302925076636
925,0,0,0,0,0
926,0.26959543192963586,0.26863596434379156,0.2691156981367137,0.0009594675858443091,0.2691156981367137
927,0.2611374707863817,0.29438127503803957,0.27775937291221064,0.03324380425165785,0.27775937291221064
928,0.20531843886457266,0.30117059368925764,0.25324451627691513,0.09585215482468498,0.25324451627691513
929,0.2213312663900736,0.2870834026573126,0.2542073345236931,0.06575213626723897,0.2542073345236931
930,0.1695899889063321,0.3568916490216498,0.263240818963991,0.18730166011531774,0.263240818963991
931,0.23679389504893666,0.3029255094084495,0.26985970222869304,0.06613161435951281,0.26985970222869304
932,0.2202008353812324,0.3245389837299448,0.2723699095555886,0.10433814834871238,0.2723699095555886
933,0.2602532432563494,0.35928029784383064,0.30976677055009005,0.09902705458748123,0.30976677055009005
934,0.2229399522207886,0.45772388930878344,0.340331920764786,0.23478393708799483,0.340331920764786
935,0.1874739949490821,0.3454526772579905,0.2664633361035363,0.1579786823089084,0.2664633361035363
936,0.2878754187076671,0.23176505187653854,0.2598202352921028,0.05611036683112855,0.2598202352921028
937,0.2806958588787836,0.33837339574060576,0.3095346273096947,0.05767753686182214,0.3095346273096947
938,0.31939258984554336,0.3132805537951151,0.31633657182032926,0.00611203605042826,0.31633657182032926
939,0.3224663999330876,0.3455053766765168,0.33398588830480225,0.023038976743429196,0.33398588830480225
940,0.3450214044851885,0.31755354327888313,0.33128747388203583,0.027467861206305344,0.33128747388203583
941,0.1400095598590705,0.3062412264560231,0.2231253931575468,0.1662316665969526,0.2231253931575468
942,0.1395245310197473,0.3321127353852899,0.2358186332025186,0.1925882043655426,0.2358186332025186
943,0.2256582041930907,0.20154918855938217,0.21360369637623644,0.02410901563370854,0.21360369637623644
944,0.2046679973793193,0.20910216325176825,0.20688508031554376,0.004434165872448964,0.20688508031554376
945,0.21497965751238426,0.23325082091501476,0.22411523921369952,0.01827116340263049,0.22411523921369952
946,0.23144306192751243,0.27464582615475264,0.2530444440411325,0.043202764227240203,0.2530444440411325
947,0.2253837917014395,0.2536590923621008,0.23952144203177017,0.028275300660661334,0.23952144203177017
948,0.23175465922504565,0.2425801214059935,0.2371673903155196,0.010825462180947848,0.2371673903155196
949,0.24296963465250213,0.15530520378068838,0.19913741921659525,0.08766443087181375,0.19913741921659525
950,0.17558369342828095,0.1942442692803189,0.18491398135429993,0.018660575852037953,0.18491398135429993
951,0.20506113908598758,0.21832830715452572,0.21169472312025667,0.013267168068538143,0.21169472312025667
952,0.30627117218163863,0.20265159489963291,0.25446138354063574,0.10361957728200571,0.25446138354063574
953,0.26528329182603966,0.14624045362950114,0.2057618727277704,0.11904283819653852,0.2057618727277704
954,0.36438251723592885,0.20583375878873017,0.2851081380123295,0.15854875844719868,0.2851081380123295
955,0,0,0,0,0
956,0,0,0,0,0
957,0,0,0,0,0
958,0,0,0,0,0
959,0,0,0,0,0
960,0,0,0,0,0
961,0,0,0,0,0
962,0,0,0,0,0
963,0,0,0,0,0
964,0,0,0,0,0
965,0,0,0,0,0
966,0,0,0,0,0
967,0,0,0,0,0
968,0,0,0,0,0
969,0,0,0,0,0
970,0,0,0,0,0
971,0,0,0,0,0
972,0,0,0,0,0
973,0,0,0,0,0
974,0,0,0,0,0
975,0,0,0,0,0
976,0,0,0,0,0
977,0,0,0,0,0
978,0,0,0,0,0
979,0,0,0,0,0
980,0,0,0,0,0
981,0,0,0,0,0
982,0,0,0,0,0
983,0,0,0,0,0
984,0,0,0,0,0
985,0,0,0,0,0
986,0,0,0,0,0
987,0,0,0,0,0
988,0,0,0,0,0
989,0,0,0,0,0
990,0,0,0,0,0
991,0,0,0,0,0
992,0,0,0,0,0
993,0,0,0,0,0
994,0,0,0,0,0
995,0,0,0,0,0
996,0,0,0,0,0
997,0,0,0,0,0
998,0,0,0,0,0
999,0,0,0,0,0
1000,0,0,0,0,0
1001,0,0,0,0,0
1002,0,0,0,0,0
1003,0,0,0,0,0
1004,0,0,0,0,0
1005,0,0,0,0,0
1006,0,0,0,0,0
1007,0,0,0,0,0
1008,0,0,0,0,0
1009,0,0,0,0,0
1010,0,0,0,0,0
1011,0,0,0,0,0
1012,0,0,0,0,0
1013,0,0,0,0,0
1014,0,0,0,0,0
1015,0,0,0,0,0
1016,0,0,0,0,0
1017,0,0,0,0,0
1018,0,0,0,0,0
1019,0,0,0,0,0
1020,0,0,0,0,0
1021,0,0,0,0,0
1022,0,0,0,0,0
1023,0,0,0,0,0
1024,0,0,0,0,0
1025,0,0,0,0,0
1026,0.34898050595678065,0.28232989124138413,0.3156551985990824,0.06665061471539652,0.3156551985990824
1027,0,0,0,0,0
1028,0.31615022741240206,0.27047523367091764,0.29331273054165985,0.045674993741484426,0.29331273054165985
1029,0.36218315330496625,0.14876442246688126,0.2554737878859238,0.213418730838085,0.2554737878859238
1030,0,0,0,0,0
1031,0,0,0,0,0
1032,0.3708518267428595,0.271099815444411,0.3209758210936352,0.09975201129844852,0.3209758210936352
1033,0.24603428542203534,0.1652293231857265,0.20563180430388092,0.08080496223630884,0.20563180430388092
1034,0.26291951704828254,0.2774995089546759,0.2702095130014792,0.014579991906393364,0.2702095130014792
1035,0.30323298165202905,0.3982887855937459,0.3507608836228875,0.09505580394171687,0.3507608836228875
1036,0.30497956011363053,0.38385808434107205,0.3444188222273513,0.07887852422744152,0.3444188222273513
1037,0.3673705738190835,0.4612148500744306,0.41429271194675704,0.09384427625534708,0.41429271194675704
1038,0.4064405582358534,0.5170384570776886,0.46173950765677096,0.11059789884183518,0.46173950765677096
1039,0.44520822712243735,0.5549491952498268,0.500078711186132,0.10974096812738943,0.500078711186132
1040,0.47034537980765445,0.6021803781361038,0.5362628789718791,0.13183499832844936,0.5362628789718791
1041,0.4799769468106736,0.6726694234679947,0.5763231851393342,0.19269247665732114,0.5763231851393342
1042,0.4972526376496079,0.8012474700597535,0.6492500538546807,0.3039948324101456,0.6492500538546807
1043,0.45200146477817965,0.7142614765198062,0.583131470648993,0.26226001174162655,0.583131470648993
1044,0.47599600942862463,0.7203687835395968,0.5981823964841106,0.24437277411097214,0.5981823964841106
1045,0.5024352943068044,0.5860477495721386,0.5442415219394715,0.08361245526533412,0.5442415219394715
1046,0.5177276769695225,0.6766445083684589,0.5971860926689907,0.15891683139893642,0.5971860926689907
1047,0.5372347208607489,0.5768346639252999,0.5570346923930244,0.03959994306455106,0.5570346923930244
1048,0.543665006334711,0.5537126941503172,0.5486888502425141,0.010047687815606166,0.5486888502425141
1049,0.5640994713904244,0.7069510873218824,0.6355252793561534,0.142851615931458,0.6355252793561534
1050,0.557890487774979,0.929334852061203,0.7436126699180909,0.37144436428622407,0.557890487774979
1051,0.562979388633851,0.7825709445496558,0.6727751665917534,0.21959155591580481,0.6727751665917534
1052,0.5532802966053306,0.674336934259243,0.6138086154322868,0.12105663765391239,0.6138086154322868
1053,0.5784715367546903,0.7416362892915356,0.6600539130231129,0.16316475253684526,0.6600539130231129
1054,0.5801900689209014,0.7263628001674062,0.6532764345441537,0.14617273124650476,0.6532764345441537
1055,0.605109224900626,0.7477113232946835,0.6764102740976548,0.14260209839405746,0.6764102740976548
1056,0.5842178660873775,0.6380791683489218,0.6111485172181497,0.053861302261544286,0.6111485172181497
1057,0.5610572706007063,0.7935378787544944,0.6772975746776004,0.23248060815378813,0.6772975746776004
1058,0.572201312205916,0.9028711285806589,0.7375362203932874,0.3306698163747429,0.7375362203932874
1059,0.5596652605242501,0.7682694929221947,0.6639673767232224,0.20860423239794457,0.6639673767232224
1060,0.5550325936619067,0.7654473547675053,0.660239974214706,0.21041476110559854,0.660239974214706
1061,0.5880024179880965,0.5643066471147538,0.5761545325514251,0.023695770873342736,0.5761545325514251
1062,0.5790512309791463,0.8570457927420375,0.7180485118605919,0.27799456176289117,0.7180485118605919
1063,0.5612865607650539,0.7165467251027352,0.6389166429338946,0.1552601643376813,0.6389166429338946
1064,0.5721736230663339,0.7061332623901262,0.63915344272823,0.1339596393237923,0.63915344272823
1065,0.559439204668148,0.7492579580586778,0.6543485813634129,0.18981875339052978,0.6543485813634129
1066,0.5561765941101561,0.7380777342128875,0.6471271641615217,0.1819011401027314,0.6471271641615217
1067,0.5802375759866264,0.768209065543318,0.6742233207649722,0.18797148955669163,0.6742233207649722
1068,0.4941883332998134,0.7863431842829146,0.640265758791364,0.29215485098310123,0.640265758791364
1069,0.4280713031320464,0.8770140126921256,0.652542657912086,0.44894270956007926,0.4280713031320464
1070,0.4731059604581911,0.7831533864356365,0.6281296734469137,0.3100474259774454,0.6281296734469137
1071,0.48664170351705904,0.6877271533131128,0.587184428415086,0.2010854497960538,0.587184428415086
1072,0.5283683899829256,0.6030457087996456,0.5657070493912856,0.07467731881672002,0.5657070493912856
1073,0.5245395698680442,0.6992095962058343,0.6118745830369392,0.17467002633779016,0.6118745830369392
1074,0.49938025340501396,0.7864331448756426,0.6429066991403283,0.2870528914706287,0.6429066991403283
1075,0.5130309657752733,0.7682294778166611,0.6406302217959672,0.25519851204138777,0.6406302217959672
1076,0.5568588796610475,0.7757082390256638,0.6662835593433556,0.21884935936461625,0.6662835593433556
1077,0.5639943140936106,0.791809759814662,0.6779020369541362,0.2278154457210514,0.6779020369541362
1078,0.5302168732194198,0.7163490539870936,0.6232829636032566,0.1861321807676738,0.6232829636032566
1079,0.5501407403411746,0.7196578551542092,0.6348992977476919,0.16951711481303466,0.6348992977476919
1080,0.5288741535275052,0.7082215959814185,0.6185478747544619,0.17934744245391332,0.6185478747544619
1081,0.49831864532627224,0.7065695701819223,0.6024441077540973,0.2082509248556501,0.6024441077540973
1082,0.519718076872012,0.7467357254659133,0.6332269011689626,0.22701764859390128,0.6332269011689626
1083,0.5293811859236359,0.698475893038835,0.6139285394812355,0.16909470711519903,0.6139285394812355
1084,0.5712170348488392,0.6960602962664125,0.6336386655576258,0.12484326141757329,0.6336386655576258
1085,0.5816764193407817,0.6761576409301812,0.6289170301354814,0.09448122158939942,0.6289170301354814
1086,0.5684653091208544,0.7036495236654543,0.6360574163931543,0.13518421454459995,0.6360574163931543
1087,0.5683298333590501,0.7021520512754194,0.6352409423172347,0.13382221791636928,0.6352409423172347
1088,0.5706887173674609,0.6794476027304122,0.6250681600489365,0.10875888536295131,0.6250681600489365
1089,0.5727832932366866,0.6688124886907844,0.6207978909637355,0.09602919545409772,0.6207978909637355
1090,0.5551183193459835,0.6571082086336519,0.6061132639898177,0.10198988928766839,0.6061132639898177
1091,0.5178692807931307,0.6696073946398111,0.5937383377164709,0.15173811384668046,0.5937383377164709
1092,0.5370805370076557,0.6711338580764182,0.6041071975420369,0.13405332106876255,0.6041071975420369
1093,0.526407373403114,0.641643967307147,0.5840256703551305,0.11523659390403296,0.5840256703551305
1094,0.5368684064274064,0.7046205092291767,0.6207444578282916,0.16775210280177033,0.6207444578282916
1095,0.529061776239462,0.7125664982261903,0.6208141372328262,0.1835047219867283,0.6208141372328262
1096,0.5384088321177233,0.6740885132180754,0.6062486726678993,0.1356796811003521,0.6062486726678993
1097,0.5432499822672832,0.6095368796563776,0.5763934309618304,0.06628689738909443,0.5763934309618304
1098,0.5451975143222286,0.6642170432817391,0.6047072788019838,0.11901952895951051,0.6047072788019838
1099,0.5556934865403783,0.6665199038144274,0.6111066951774029,0.11082641727404907,0.6111066951774029
1100,0.566710398982723,0.6686224621538085,0.6176664305682658,0.10191206317108548,0.6176664305682658
1101,0.5715192506200547,0.6990083559724016,0.6352638032962281,0.12748910535234692,0.6352638032962281
1102,0.5557376025619192,0.6519897804962769,0.603863691529098,0.0962521779343577,0.603863691529098
1103,0.5609512152326568,0.6437781472261452,0.602364681229401,0.08282693199348845,0.602364681229401
1104,0.5562981543882017,0.6211089921295685,0.5887035732588851,0.06481083774136676,0.5887035732588851
1105,0.5490069195882381,0.6221986337534476,0.5856027766708429,0.07319171416520953,0.5856027766708429
1106,0.5787052999675365,0.645336047730951,0.6120206738492437,0.06663074776341449,0.6120206738492437
1107,0.5883938649793559,0.6519293129352354,0.6201615889572956,0.06353544795587951,0.6201615889572956
1108,0.5635363392757622,0.6483312832419367,0.6059338112588495,0.08479494396617449,0.6059338112588495
1109,0.561400490157769,0.6590501683393275,0.6102253292485482,0.09764967818155845,0.6102253292485482
1110,0.5428121907650834,0.6673931897835941,0.6051026902743387,0.12458099901851072,0.6051026902743387
1111,0.5132082413021853,0.6162600789592396,0.5647341601307125,0.10305183765705428,0.5647341601307125
1112,0.536131071644123,0.6047462040654834,0.5704386378548032,0.06861513242136041,0.5704386378548032
1113,0.5250037469071233,0.6106379754629484,0.5678208611850358,0.08563422855582514,0.5678208611850358
1114,0.521114109114678,0.6267718583893909,0.5739429837520345,0.10565774927471283,0.5739429837520345
1115,0.5347955058265954,0.6506605337194246,0.59272801977301,0.11586502789282915,0.59272801977301
1116,0.5195108672229427,0.6399003958474347,0.5797056315351887,0.12038952862449204,0.5797056315351887
1117,0.5299616031127088,0.5962251386197415,0.5630933708662251,0.06626353550703268,0.5630933708662251
1118,0.45775570253313536,0.5663368815852617,0.5120462920591986,0.10858117905212639,0.5120462920591986
1119,0.45361870581820224,0.5394856324398939,0.4965521691290481,0.08586692662169165,0.4965521691290481
1120,0.47450737285826095,0.5241651255225094,0.49933624919038516,0.049657752664248433,0.49933624919038516
1121,0.42205555626820535,0.5663842554083923,0.49421990583829883,0.14432869914018698,0.49421990583829883
1122,0.44422615306888136,0.589117372300352,0.5166717626846167,0.14489121923147064,0.5166717626846167
1123,0.4273180354102941,0.5688314514873971,0.4980747434488456,0.141513416077103,0.4980747434488456
1124,0.43646559525849726,0.5143843645797218,0.47542497991910954,0.07791876932122455,0.47542497991910954
1125,0.45126312252162626,0.45263013602512964,0.4519466292733779,0.0013670135035033781,0.4519466292733779
1126,0.4603331203720416,0.5509564595546604,0.505644789963351,0.09062333918261883,0.505644789963351
1127,0.43880740776896937,0.6094371877848366,0.524122297776903,0.1706297800158672,0.524122297776903
1128,0.4553078302997238,0.5882851412961568,0.5217964857979404,0.132977310996433,0.5217964857979404
1129,0.46275411206702366,0.5757987924761611,0.5192764522715924,0.1130446804091374,0.5192764522715924
1130,0.48269772032039493,0.5751296902341613,0.5289137052772781,0.09243196991376634,0.5289137052772781
1131,0.45387927434999753,0.5925010215981761,0.5231901479740868,0.13862174724817855,0.5231901479740868
1132,0.4594577457283503,0.5679650560040614,0.5137114008662058,0.10850731027571114,0.5137114008662058
1133,0.4578486381045082,0.5802295856505411,0.5190391118775246,0.12238094754603285,0.5190391118775246
1134,0.4737448471132532,0.575515703212919,0.5246302751630861,0.1017708560996658,0.5246302751630861
1135,0.458660895896445,0.5673845586877271,0.513022727292086,0.1087236627912821,0.513022727292086
1136,0.4640207950091279,0.548217644220442,0.5061192196147849,0.08419684921131404,0.5061192196147849
1137,0.43759161034718236,0.5578908835058998,0.4977412469265411,0.12029927315871741,0.4977412469265411
1138,0.45459823636403346,0.5455026323078496,0.5000504343359415,0.09090439594381611,0.5000504343359415
1139,0.4461591990561539,0.5763336756996785,0.5112464373779162,0.1301744766435246,0.5112464373779162
1140,0.44567358149920766,0.5953730902919223,0.520523335895565,0.14969950879271465,0.520523335895565
1141,0.4311472173487647,0.6008559953449355,0.5160016063468501,0.1697087779961708,0.5160016063468501
1142,0.45860734338316905,0.677666277772024,0.5681368105775966,0.219058934388855,0.5681368105775966
1143,0.46045870876876427,0.5383297752106879,0.4993942419897261,0.07787106644192365,0.4993942419897261
1144,0.46297144095220133,0.5778350185750878,0.5204032297636445,0.11486357762288646,0.5204032297636445
1145,0.45507577056242743,0.5581764861080338,0.5066261283352307,0.1031007155456064,0.5066261283352307
1146,0.4523201780130986,0.5445985793026665,0.4984593786578826,0.09227840128956794,0.4984593786578826
1147,0.4575448918370494,0.6015546253943341,0.5295497586156918,0.14400973355728475,0.5295497586156918
1148,0.45727312331711994,0.6146724836475206,0.5359728034823202,0.15739936033040064,0.5359728034823202
1149,0.4503314477421802,0.5351624290806714,0.4927469384114258,0.08483098133849115,0.4927469384114258
1150,0.4481411176957479,0.581116595629701,0.5146288566627244,0.1329754779339531,0.5146288566627244
1151,0.4462771085102529,0.5645482288079676,0.5054126686591103,0.11827112029771475,0.5054126686591103
1152,0.4537425552573439,0.5687305666393657,0.5112365609483548,0.1149880113820218,0.5112365609483548
1153,0.441774747163357,0.5395731365547088,0.4906739418590329,0.09779838939135183,0.4906739418590329
1154,0.4452715181103278,0.5644759277101873,0.5048737229102576,0.1192044095998595,0.5048737229102576
1155,0.44906129141854345,0.5306714418588435,0.4898663666386935,0.08161015044030007,0.4898663666386935
1156,0.44631986449048816,0.5673562029313126,0.5068380337109004,0.12103633844082445,0.5068380337109004
1157,0.4475290232965828,0.5515680885553099,0.4995485559259464,0.10403906525872714,0.4995485559259464
1158,0.4345093350950524,0.5122902651442405,0.47339980011964644,0.07778093004918807,0.47339980011964644
1159,0.4528793135418504,0.5226146022162099,0.48774695787903016,0.06973528867435952,0.48774695787903016
1160,0.4652502087756107,0.5463797106493291,0.5058149597124699,0.08112950187371842,0.5058149597124699
1161,0.46563103037512316,0.530235452678185,0.4979332415266541,0.06460442230306179,0.4979332415266541
1162,0.47014892837979705,0.5467401933229334,0.5084445608513652,0.0765912649431364,0.5084445608513652
1163,0.4749105229081497,0.6106496107169949,0.5427800668125723,0.13573908780884514,0.5427800668125723
1164,0.5412690043812477,0.63906118677278,0.5901650955770139,0.09779218239153231,0.5901650955770139
1165,0.5508995693477475,0.6672334146788588,0.6090664920133031,0.11633384533111124,0.6090664920133031
1166,0.5395271277764403,0.6215370257852227,0.5805320767808315,0.08200989800878244,0.5805320767808315
1167,0.5247945281847783,0.6469632567986295,0.585878892491704,0.1221687286138512,0.585878892491704
1168,0.5496588173714664,0.6378149250448171,0.5937368712081417,0.08815610767335069,0.5937368712081417
1169,0.554119855419193,0.6359802449987282,0.5950500502089606,0.08186038957953523,0.5950500502089606
1170,0.5292232148604584,0.6327826134107517,0.581002914135605,0.10355939855029328,0.581002914135605
1171,0.5105327921914204,0.6257669832618934,0.5681498877266569,0.11523419107047295,0.5681498877266569
1172,0.49742004339765933,0.615757626385755,0.5565888348917072,0.11833758298809571,0.5565888348917072
1173,0.5074600655292114,0.6345131074907501,0.5709865865099808,0.12705304196153866,0.5709865865099808
1174,0.540247749732638,0.6291752782591321,0.5847115139958851,0.0889275285264941,0.5847115139958851
1175,0.538704100002513,0.6430625487114608,0.5908833243569869,0.10435844870894784,0.5908833243569869
1176,0.5379492235600918,0.639753023784018,0.5888511236720548,0.10180380022392621,0.5888511236720548
1177,0.5307276242131099,0.6149055645796129,0.5728165943963615,0.08417794036650295,0.5728165943963615
1178,0.5362119147750363,0.5881833451256183,0.5621976299503273,0.05197143035058205,0.5621976299503273
1179,0.5366144374364178,0.6026045136473258,0.5696094755418718,0.06599007621090802,0.5696094755418718
1180,0.5502351827343211,0.5699210595984294,0.5600781211663752,0.019685876864108276,0.5600781211663752
1181,0.5436400757736781,0.5828066623900192,0.5632233690818487,0.03916658661634109,0.5632233690818487
1182,0.542659484136367,0.6011405399224532,0.5719000120294101,0.0584810557860862,0.5719000120294101
1183,0.5396795515006961,0.6022809332233192,0.5709802423620076,0.06260138172262308,0.5709802423620076
1184,0.5311274410912807,0.5990374011681567,0.5650824211297187,0.067909960076876,0.5650824211297187
1185,0.5398620681195788,0.5927979890937889,0.5663300286066839,0.05293592097421007,0.5663300286066839
1186,0.5461901341001894,0.609023350615934,0.5776067423580618,0.0628332165157447,0.5776067423580618
1187,0.5546153603480957,0.6116711010970185,0.583143230722557,0.057055740748922834,0.583143230722557
1188,0.5543053331132832,0.6271983197057445,0.5907518264095138,0.07289298659246124,0.5907518264095138
1189,0.5521749057876536,0.6234680063680877,0.5878214560778707,0.07129310058043414,0.5878214560778707
1190,0.544816242836024,0.633217098017572,0.5890166704267981,0.08840085518154794,0.5890166704267981
1191,0.549795668726673,0.6148116316590152,0.582303650192844,0.06501596293234224,0.582303650192844
1192,0.5491829973244879,0.631764491338209,0.5904737443313485,0.08258149401372106,0.5904737443313485
1193,0.5461157516748132,0.6180577473166191,0.5820867494957161,0.07194199564180592,0.5820867494957161
1194,0.5432789298093965,0.6242289728227387,0.5837539513160677,0.08095004301334219,0.5837539513160677
1195,0.5496291422857043,0.6323331463467301,0.5909811443162172,0.08270400406102585,0.5909811443162172
1196,0.5444847115771179,0.625260451897779,0.5848725817374485,0.08077574032066115,0.5848725817374485
1197,0.49494063623163886,0.6143732631751274,0.5546569497033831,0.11943262694348855,0.5546569497033831
1198,0.43193682358865965,0.5346017043866208,0.48326926398764025,0.10266488079796116,0.48326926398764025
1199,0.440837677731787,0.5329142764985826,0.4868759771151848,0.09207659876679558,0.4868759771151848
1200,0.4743510921010942,0.5383901751800478,0.506370633640571,0.06403908307895362,0.506370633640571
1201,0.4577838625716708,0.5318841959413488,0.4948340292565098,0.07410033336967803,0.4948340292565098
1202,0.4813924409491909,0.5281224045975351,0.504757422773363,0.0467299636483442,0.504757422773363
1203,0.4854206824123213,0.5456125873524734,0.5155166348823974,0.06019190494015214,0.5155166348823974
1204,0.48469401865248174,0.5778143358083537,0.5312541772304178,0.09312031715587199,0.5312541772304178
1205,0.4819577547487115,0.5524691427469247,0.5172134487478182,0.07051138799821322,0.5172134487478182
1206,0.4865861179703228,0.5505527360816234,0.5185694270259731,0.06396661811130055,0.5185694270259731
1207,0.49262809560973836,0.5624954843335115,0.527561789971625,0.06986738872377313,0.527561789971625
1208,0.49691921828470564,0.5692653437324566,0.5330922810085812,0.07234612544775099,0.5330922810085812
1209,0.49671706400548116,0.5712420180412467,0.533979541023364,0.07452495403576559,0.533979541023364
1210,0.5012693064218978,0.5893221603089909,0.5452957333654443,0.08805285388709305,0.5452957333654443
1211,0.4920893545252591,0.6008404790860258,0.5464649168056425,0.10875112456076669,0.5464649168056425
1212,0.503139367708103,0.5663732309170691,0.5347562993125861,0.06323386320896618,0.5347562993125861
1213,0.5083537863590447,0.585173995564515,0.5467638909617798,0.07682020920547028,0.5467638909617798
1214,0.503838861639306,0.5837416687954958,0.5437902652174009,0.0799028071561898,0.5437902652174009
1215,0.4873104585307112,0.5580236229786596,0.5226670407546854,0.0707131644479484,0.5226670407546854
1216,0.4976791881507605,0.5528021968222987,0.5252406924865296,0.05512300867153819,0.5252406924865296
1217,0.4901983569357055,0.5608252451941217,0.5255118010649136,0.07062688825841618,0.5255118010649136
1218,0.48523402558980355,0.5621908876957108,0.5237124566427571,0.07695686210590724,0.5237124566427571
1219,0.5075788212532877,0.5501331797144372,0.5288560004838625,0.04255435846114952,0.5288560004838625
1220,0.4969199609760644,0.5396631967539619,0.5182915788650131,0.042743235777897515,0.5182915788650131
1221,0.5004338069982147,0.5054746119885914,0.5029542094934031,0.005040804990376735,0.5029542094934031
1222,0.4596796328566228,0.423968004354771,0.44182381860569686,0.03571162850185178,0.44182381860569686
1223,0.4626967317724936,0.46395328492546517,0.4633250083489794,0.0012565531529715734,0.4633250083489794
1224,0.4567783734212667,0.47055512389206583,0.46366674865666624,0.013776750470799126,0.46366674865666624
1225,0.4543994439171834,0.495930787280025,0.4751651155986042,0.04153134336284159,0.4751651155986042
1226,0.41995308253883473,0.47485626591017444,0.4474046742245046,0.0549031833713397,0.4474046742245046
1227,0.4279011227657567,0.47841310496632433,0.4531571138660405,0.05051198220056763,0.4531571138660405
1228,0.4376552369089872,0.49415124690469636,0.4659032419068418,0.05649600999570914,0.4659032419068418
1229,0.4432231951212434,0.5185819171271098,0.4809025561241766,0.07535872200586635,0.4809025561241766
1230,0.430742508649211,0.4883140191744084,0.4595282639118097,0.057571510525197434,0.4595282639118097
1231,0.4354228635052117,0.4791102278586267,0.4572665456819192,0.043687364353415026,0.4572665456819192
1232,0.44382151820187277,0.49964880298440084,0.4717351605931368,0.055827284782528075,0.4717351605931368
1233,0.40374083588439313,0.43108202690501846,0.4174114313947058,0.02734119102062532,0.4174114313947058
1234,0.4532782230218568,0.4341844828129792,0.443731352917418,0.019093740208877552,0.443731352917418
1235,0.5013335353871281,0.4636291028139266,0.4824813191005274,0.037704432573201496,0.4824813191005274
1236,0.5410530023221302,0.4750045912342775,0.5080287967782038,0.06604841108785264,0.5080287967782038
1237,0.5551948140552505,0.4788886643111685,0.5170417391832095,0.07630614974408201,0.5170417391832095
1238,0.5656368230848671,0.5002627316971723,0.5329497773910197,0.06537409138769479,0.5329497773910197
1239,0.5600111942742689,0.5003749653308268,0.5301930798025478,0.059636228943442116,0.5301930798025478
1240,0.5476469671643117,0.49625214676130186,0.5219495569628068,0.051394820403009855,0.5219495569628068
1241,0.5677971351962021,0.5072991693964042,0.5375481522963031,0.06049796579979794,0.5375481522963031
1242,0.5710264038231739,0.521208319304597,0.5461173615638855,0.049818084518576944,0.5461173615638855
1243,0.5651040128238441,0.5003829224763241,0.5327434676500842,0.06472109034752005,0.5327434676500842
1244,0.5577361460287138,0.5077077460076738,0.5327219460181938,0.05002840002104003,0.5327219460181938
1245,0.5287629832122436,0.4926710388230914,0.5107170110176675,0.0360919443891522,0.5107170110176675
1246,0.4774499345748202,0.49248499798736123,0.4849674662810907,0.015035063412541017,0.4849674662810907
1247,0.48725952557367963,0.44950448038961904,0.46838200298164934,0.03775504518406059,0.46838200298164934
1248,0.4641130942225118,0.4308951592552858,0.44750412673889883,0.03321793496722597,0.44750412673889883
1249,0.4512996598609597,0.4320874826483473,0.44169357125465347,0.019212177212612425,0.44169357125465347
1250,0.45796876171151196,0.4566988718381021,0.457333816774807,0.0012698898734098685,0.457333816774807
1251,0.4714040142992163,0.43681824062144387,0.4541111274603301,0.034585773677772436,0.4541111274603301
1252,0.4644716400656848,0.4371445172573026,0.4508080786614937,0.02732712280838223,0.4508080786614937
1253,0.4867020851781692,0.4575241974130744,0.47211314129562176,0.029177887765094834,0.47211314129562176
1254,0.47714231538997376,0.44726251255820987,0.4622024139740918,0.02987980283176389,0.4622024139740918
1255,0.48413448172838935,0.4536921061632389,0.46891329394581416,0.030442375565150448,0.46891329394581416
1256,0.4872686501886604,0.46046584223156606,0.4738672462101132,0.026802807957094332,0.4738672462101132
1257,0.4743924305415699,0.4688168080549132,0.47160461929824155,0.005575622486656662,0.47160461929824155
1258,0.4736180919327023,0.4713134412935708,0.47246576661313655,0.0023046506391315447,0.47246576661313655
1259,0.47169651360323483,0.4833762623157598,0.4775363879594973,0.011679748712524973,0.4775363879594973
1260,0.4603310544116632,0.4911991851933028,0.47576511980248304,0.03086813078163958,0.47576511980248304
1261,0.43617844042238996,0.5150867123054794,0.4756325763639347,0.07890827188308946,0.4756325763639347
1262,0.43145794805162807,0.5034503595527952,0.4674541538022116,0.07199241150116709,0.4674541538022116
1263,0.4356353573026919,0.49124495884155744,0.4634401580721247,0.05560960153886557,0.4634401580721247
1264,0.441288410753714,0.4946238775336913,0.4679561441437027,0.0533354667799773,0.4679561441437027
1265,0.45097825587143575,0.5132448136226646,0.48211153474705015,0.06226655775122886,0.48211153474705015
1266,0.4410593733551683,0.5180931588664971,0.4795762661108327,0.07703378551132878,0.4795762661108327
1267,0.45569380027513706,0.5294458187600856,0.4925698095176113,0.0737520184849485,0.4925698095176113
1268,0.4632397833772562,0.5087357949549492,0.48598778916610275,0.04549601157769306,0.48598778916610275
1269,0.4648146798211728,0.5068853348885994,0.48585000735488615,0.04207065506742663,0.48585000735488615
1270,0.5013970918525406,0.5193051142799574,0.510351103066249,0.017908022427416848,0.510351103066249
1271,0.4932281243562112,0.533607069891531,0.513417597123871,0.04037894553531973,0.513417597123871
1272,0.4962073111303594,0.5144641026746989,0.5053357069025292,0.018256791544339512,0.5053357069025292
1273,0.48247093242888134,0.5105218393184272,0.4964963858736543,0.028050906889545868,0.4964963858736543
1274,0.47675736654285683,0.50412901535307,0.4904431909479634,0.027371648810213145,0.4904431909479634
1275,0.47065819885460364,0.5164722973917564,0.49356524812318003,0.045814098537152737,0.49356524812318003
1276,0.4959240922218544,0.5060501987545045,0.5009871454881795,0.010126106532650114,0.5009871454881795
1277,0.44813823593579594,0.41403339764255664,0.4310858167891763,0.03410483829323929,0.4310858167891763
1278,0.4022032429889427,0.41033747107294105,0.4062703570309419,0.00813422808399833,0.4062703570309419
1279,0.36470370489053827,0.4661122288446882,0.4154079668676133,0.10140852395414995,0.4154079668676133
1280,0.42914270121646875,0.6812352088089879,0.5551889550127284,0.25209250759251917,0.5551889550127284
1281,0.3500318220391524,0.7849549122783166,0.5674933671587346,0.4349230902391642,0.3500318220391524
1282,0.3421053965200373,0.7356484499391238,0.5388769232295806,0.3935430534190865,0.3421053965200373
1283,0.4072997454213925,0.9356960002171495,0.671497872819271,0.528396254795757,0.4072997454213925
1284,0.44093917052493076,1.095309689513468,0.7681244300191994,0.6543705189885372,0.44093917052493076
1285,0.45335596454220495,1.1108724961342034,0.7821142303382042,0.6575165315919984,0.45335596454220495
1286,0.47004056354483503,1.126790704790702,0.7984156341677685,0.656750141245867,0.47004056354483503
1287,0.4632911923895136,1.0591310074106164,0.761211099900065,0.5958398150211028,0.4632911923895136
1288,0.4740199129791482,1.2257591052115306,0.8498895090953394,0.7517391922323824,0.4740199129791482
1289,0.47536127185484134,0.9626451051843147,0.719003188519578,0.48728383332947334,0.47536127185484134
1290,0.48584199820511215,0.9624180892024361,0.7241300437037741,0.47657609099732395,0.48584199820511215
1291,0.48371168540395904,1.1066067721356867,0.7951592287698228,0.6228950867317277,0.48371168540395904
1292,0.4642433002464668,1.1353290136307284,0.7997861569385976,0.6710857133842616,0.4642433002464668
1293,0.5109455526614914,1.075308048956963,0.7931268008092273,0.5643624962954716,0.5109455526614914
1294,0.5503758721806431,1.2608398917505317,0.9056078819655874,0.7104640195698886,0.5503758721806431
1295,0.5557682180942809,1.47925448930417,1.0175113536992253,0.923486271209889,0.5557682180942809
1296,0.5526745206832109,1.29524124826558,0.9239578844743954,0.7425667275823691,0.5526745206832109
1297,0.4814561654564922,1.142448302516775,0.8119522339866336,0.6609921370602829,0.4814561654564922
1298,0.46196348607698007,1.153970513076403,0.8079669995766916,0.692007026999423,0.46196348607698007
1299,0.5095277147020442,1.2987725600612754,0.9041501373816598,0.7892448453592312,0.5095277147020442
1300,0.5399660251936977,1.2549791289743926,0.8974725770840452,0.7150131037806948,0.5399660251936977
1301,0.5672790529329584,1.6773981549105035,1.122338603921731,1.1101191019775452,0.5672790529329584
1302,0.5047674212297483,1.2867986997078418,0.8957830604687951,0.7820312784780935,0.5047674212297483
1303,0.5652662515291039,0.9615228290486552,0.7633945402888795,0.39625657751955123,0.5652662515291039
1304,0.5032827795211051,1.2179922055422252,0.8606374925316651,0.7147094260211201,0.5032827795211051
1305,0.5900004954695367,1.0159743084272537,0.8029874019483951,0.42597381295771697,0.5900004954695367
1306,0.5420987302272944,1.1320051158060678,0.8370519230166811,0.5899063855787734,0.5420987302272944
1307,0.5599883888301678,1.0788709786050337,0.8194296837176007,0.5188825897748659,0.5599883888301678
1308,0.5345485228981618,1.2614918328718,0.8980201778849808,0.7269433099736381,0.5345485228981618
1309,0.5236189032338588,0.9089448677323411,0.7162818854830999,0.3853259644984822,0.5236189032338588
1310,0.5475544404841262,0.913744442185312,0.7306494413347191,0.3661900017011859,0.5475544404841262
1311,0.5145044954713219,0.9473599093821898,0.7309322024267559,0.4328554139108679,0.5145044954713219
1312,0.5314301256392041,0.9907114230982829,0.7610707743687435,0.45928129745907875,0.5314301256392041
1313,0.5171800094113252,1.0392498932177068,0.778214951314516,0.5220698838063815,0.5171800094113252
1314,0.5299459348829988,1.1652434724941276,0.8475947036885632,0.6352975376111288,0.5299459348829988
1315,0.5246764673988414,1.0909590368069857,0.8078177521029135,0.5662825694081443,0.5246764673988414
1316,0.5379314374035391,0.9085564492658352,0.7232439433346871,0.3706250118622961,0.5379314374035391
1317,0.5344630915759301,0.7984721219477409,0.6664676067618355,0.2640090303718108,0.6664676067618355
1318,0.5461091750901058,1.0922067717544903,0.819157973422298,0.5460975966643845,0.5461091750901058
1319,0.5059170591161111,0.8447350082756064,0.6753260336958588,0.33881794915949537,0.6753260336958588
1320,0.5478300350291064,0.8789560519613587,0.7133930434952326,0.3311260169322523,0.7133930434952326
1321,0.49327744958426617,1.0664342009307985,0.7798558252575324,0.5731567513465323,0.49327744958426617
1322,0.5283771233110811,0.8098604917235874,0.6691188075173342,0.2814833684125063,0.6691188075173342
1323,0.5385104251654422,0.8480499592096633,0.6932801921875528,0.3095395340442211,0.6932801921875528
1324,0.5463738829664356,0.7589324393097133,0.6526531611380745,0.2125585563432777,0.6526531611380745
1325,0.5467161741546597,0.8892557798319122,0.7179859769932859,0.3425396056772525,0.7179859769932859
1326,0.5338068247936497,0.8298913218700182,0.681849073331834,0.2960844970763685,0.681849073331834
1327,0.525059941024382,0.8449528393219756,0.6850063901731789,0.3198928982975936,0.6850063901731789
1328,0.5497419127617996,0.8150690079428569,0.6824054603523282,0.26532709518105724,0.6824054603523282
1329,0.5281724636278213,0.8173442949761992,0.6727583793020102,0.2891718313483779,0.6727583793020102
1330,0.4899425712090305,0.8374172732705666,0.6636799222397985,0.3474747020615361,0.6636799222397985
1331,0.44050198503010707,0.9048945411613785,0.6726982630957428,0.4643925561312714,0.44050198503010707
1332,0.3996453101017751,0.7976426320830958,0.5986439710924355,0.3979973219813207,0.3996453101017751
1333,0.3849110177235371,0.5772368979077092,0.4810739578156231,0.19232588018417207,0.4810739578156231
1334,0.36843860596696437,0.3832938308904296,0.375866218428697,0.014855224923465249,0.375866218428697
1335,0.2299860553012459,0.3364123888639868,0.28319922208261633,0.10642633356274087,0.28319922208261633
1336,0.2120092510062927,0.3140165779709252,0.263012914488609,0.1020073269646325,0.263012914488609
1337,0.3417668096773002,0.41812405667381536,0.3799454331755578,0.07635724699651514,0.3799454331755578
1338,0.5525310898126525,0.43507736662755075,0.4938042282201016,0.11745372318510178,0.4938042282201016
1339,0.7596348450905759,0.4772092728123603,0.6184220589514681,0.2824255722782156,0.6184220589514681
1340,0.8612564127280612,0.6193207637542203,0.7402885882411407,0.2419356489738409,0.7402885882411407
1341,0.8540623077967066,0.6333678313160803,0.7437150695563934,0.22069447648062623,0.7437150695563934
1342,0.9636790780429143,0.6251685904045476,0.794423834223731,0.33851048763836666,0.794423834223731
1343,0.9873004902430899,0.6157037421644629,0.8015021162037763,0.37159674807862697,0.6157037421644629
1344,1.0805448058289604,0.6423435089003253,0.8614441573646429,0.4382012969286351,0.6423435089003253
1345,1.0952654988692154,0.7304721532227153,0.9128688260459654,0.3647933456465001,0.7304721532227153
1346,1.1657257806110461,0.6772817042661741,0.9215037424386101,0.4884440763448721,0.6772817042661741
1347,1.2506507802864701,0.7365011521699392,0.9935759662282047,0.514149628116531,0.7365011521699392
1348,1.193950747690829,0.6947037692850639,0.9443272584879465,0.49924697840576515,0.6947037692850639
1349,1.0491503370572317,0.7131068143463646,0.8811285757017981,0.3360435227108671,0.8811285757017981
1350,0.9968788768574739,0.7025983571508196,0.8497386170041468,0.29428051970665425,0.8497386170041468
1351,1.182096358495862,0.6485231702322053,0.9153097643640336,0.5335731882636566,0.6485231702322053
1352,1.1818459834300685,0.6335493649534584,0.9076976741917635,0.5482966184766102,0.6335493649534584
1353,1.2393764689922573,0.6200508605846321,0.9297136647884447,0.6193256084076252,0.6200508605846321
1354,1.2403953562081211,0.60716958009077,0.9237824681494455,0.6332257761173511,0.60716958009077
1355,1.0688780870921455,0.6244740750434628,0.8466760810678041,0.44440401204868274,0.6244740750434628
1356,1.269734439315311,0.6554760298671073,0.9626052345912091,0.6142584094482036,0.6554760298671073
1357,1.1124141821643807,0.6551446949546261,0.8837794385595035,0.4572694872097546,0.6551446949546261
1358,0.9961628661885039,0.6165009148741754,0.8063318905313397,0.37966195131432856,0.6165009148741754
1359,1.2192484191011186,0.6267724660403535,0.9230104425707361,0.5924759530607651,0.6267724660403535
1360,1.061472517119343,0.6065055684662058,0.8339890427927745,0.45496694865313725,0.6065055684662058
1361,1.2183386680009214,0.6527022883239539,0.9355204781624377,0.5656363796769674,0.6527022883239539
1362,1.2320396612403284,0.6712447072222423,0.9516421842312853,0.5607949540180861,0.6712447072222423
1363,1.197548018425421,0.6496682190895537,0.9236081187574874,0.5478797993358673,0.6496682190895537
1364,1.172363908895287,0.6763866044921816,0.9243752566937343,0.4959773044031055,0.6763866044921816
1365,1.2433697597372741,0.6453263791735331,0.9443480694554036,0.5980433805637411,0.6453263791735331
1366,1.3071932431421336,0.6449399880290129,0.9760666155855733,0.6622532551131207,0.6449399880290129
1367,1.2196029427339503,0.5908585318990709,0.9052307373165106,0.6287444108348794,0.5908585318990709
1368,1.4608451238740159,0.6548201273311437,1.0578326256025798,0.8060249965428722,0.6548201273311437
1369,1.2719935110940626,0.6520859276430961,0.9620397193685793,0.6199075834509664,0.6520859276430961
1370,1.439928310333716,0.6710287681321442,1.05547853923293,0.7688995422015718,0.6710287681321442
1371,1.458034010119953,0.6258794023297934,1.0419567062248731,0.8321546077901595,0.6258794023297934
1372,1.5450620488438362,0.6309725549652959,1.088017301904566,0.9140894938785403,0.6309725549652959
1373,1.4829376903845213,0.6407539109255965,1.0618458006550588,0.8421837794589248,0.6407539109255965
1374,1.6019434157531778,0.6478157905613317,1.1248796031572548,0.9541276251918461,0.6478157905613317
1375,1.8818711218969957,0.6254506682820102,1.253660895089503,1.2564204536149854,0.6254506682820102
1376,1.5180979223751743,0.6571733864172584,1.0876356543962165,0.8609245359579158,0.6571733864172584
1377,1.6420556408930134,0.6472741268103652,1.1446648838516893,0.9947815140826481,0.6472741268103652
1378,1.3813203555869351,0.6316802103598359,1.0065002829733856,0.7496401452270992,0.6316802103598359
1379,1.398129219404983,0.6191911949042231,1.0086602071546031,0.7789380245007599,0.6191911949042231
1380,1.0523058402221361,0.6438313589574378,0.848068599589787,0.4084744812646983,0.6438313589574378
1381,1.13059514174641,0.604302991912385,0.8674490668293975,0.526292149834025,0.604302991912385
1382,1.2971663243400702,0.6698522594836992,0.9835092919118846,0.627314064856371,0.6698522594836992
1383,1.372378017565818,0.6344550751595276,1.0034165463626727,0.7379229424062904,0.6344550751595276
1384,1.153209718851872,0.6109561216823125,0.8820829202670922,0.5422535971695595,0.6109561216823125
1385,1.0993975057635967,0.6088611217986517,0.8541293137811242,0.49053638396494503,0.6088611217986517
1386,1.32240842829596,0.6122605288356704,0.9673344785658152,0.7101478994602897,0.6122605288356704
1387,1.0909737753377375,0.6257898793592156,0.8583818273484766,0.46518389597852194,0.6257898793592156
1388,1.193803528820982,0.5737332327924658,0.8837683808067239,0.6200702960285163,0.5737332327924658
1389,0.9815326378946686,0.597157451503813,0.7893450446992408,0.38437518639085555,0.597157451503813
1390,1.1830636693770962,0.5406351879181311,0.8618494286476137,0.642428481458965,0.5406351879181311
1391,1.1856006170703417,0.44848156600366945,0.8170410915370055,0.7371190510666723,0.44848156600366945
1392,1.1822098034721717,0.4402066685764129,0.8112082360242923,0.7420031348957589,0.4402066685764129
1393,1.1129349710098522,0.44201828721780445,0.7774766291138283,0.6709166837920477,0.44201828721780445
1394,1.0657739020298047,0.482751609325738,0.7742627556777714,0.5830222927040667,0.482751609325738
1395,1.3205662148944972,0.5080501666744798,0.9143081907844886,0.8125160482200174,0.5080501666744798
1396,1.2342964634875344,0.48226322454394904,0.8582798440157418,0.7520332389435853,0.48226322454394904
1397,1.348253631707332,0.49537281668298727,0.9218132241951595,0.8528808150243447,0.49537281668298727
1398,1.1302251411297268,0.46873150361581956,0.7994783223727732,0.6614936375139073,0.46873150361581956
1399,1.2411567342260912,0.4548908016935919,0.8480237679598416,0.7862659325324992,0.4548908016935919
1400,1.083742041841292,0.48506914626415426,0.7844055940527231,0.5986728955771377,0.48506914626415426
1401,1.0614432215311627,0.4632088574418208,0.7623260394864917,0.5982343640893419,0.4632088574418208
1402,1.0391998842707215,0.46988678378999676,0.7545433340303591,0.5693131004807248,0.46988678378999676
1403,0.9399521083545461,0.4272832410891573,0.6836176747218516,0.5126688672653889,0.4272832410891573
1404,0.8653421500089546,0.4146051984439715,0.639973674226463,0.45073695156498317,0.4146051984439715
1405,0.9777808578339799,0.4278114210112339,0.702796139422607,0.549969436822746,0.4278114210112339
1406,0.747530745798023,0.47409504678790126,0.6108128962929622,0.27343569901012177,0.6108128962929622
1407,0.689887085303178,0.5033682228924875,0.5966276540978328,0.1865188624106905,0.5966276540978328
1408,0.7532018830528254,0.48574219508992933,0.6194720390713774,0.2674596879628961,0.6194720390713774
1409,0.8999514006850818,0.4938761108035093,0.6969137557442956,0.40607528988157254,0.4938761108035093
1410,1.0461254911129363,0.46155147764364646,0.7538384843782914,0.5845740134692898,0.46155147764364646
1411,1.1927368893746977,0.4544818827025594,0.8236093860386285,0.7382550066721383,0.4544818827025594
1412,1.2498363696341233,0.4701451151404869,0.8599907423873051,0.7796912544936363,0.4701451151404869
1413,1.673229162488422,0.45293667987422787,1.0630829211813249,1.220292482614194,0.45293667987422787
1414,1.169040145633767,0.4730994752810701,0.8210698104574186,0.6959406703526968,0.4730994752810701
1415,1.8227320532903717,0.47019173083139404,1.146461892060883,1.3525403224589776,0.47019173083139404
1416,1.424791883879177,0.49881593856908313,0.9618039112241301,0.925975945310094,0.49881593856908313
1417,2.182554107902484,0.5498620155112613,1.3662080617068726,1.6326920923912227,0.5498620155112613
1418,1.5368510946843708,0.5479334092205371,1.042392251952454,0.9889176854638336,0.5479334092205371
1419,1.7326111245773888,0.5514435599860726,1.1420273422817306,1.1811675645913162,0.5514435599860726
1420,2.1689249921828906,0.5852894132925444,1.3771072027377174,1.5836355788903462,0.5852894132925444
1421,1.8695512456783558,0.5744638755726232,1.2220075606254897,1.2950873701057326,0.5744638755726232
1422,1.387595501618812,0.5434731717623107,0.9655343366905613,0.8441223298565013,0.5434731717623107
1423,1.3555042449213475,0.48007760578272846,0.917790925352038,0.875426639138619,0.48007760578272846
1424,1.8730572836304298,0.5049362597487546,1.1889967716895922,1.3681210238816752,0.5049362597487546
1425,1.5855546774994167,0.4642012639856637,1.0248779707425402,1.121353413513753,0.4642012639856637
1426,2.18899165134591,0.48111219264189553,1.3350519219939025,1.7078794587040143,0.48111219264189553
1427,1.662676452831639,0.49473300965356803,1.0787047312426035,1.1679434431780709,0.49473300965356803
1428,1.409393860284289,0.4880674663174622,0.9487306633008756,0.9213263939668268,0.4880674663174622
1429,1.7699546804332462,0.436306948669832,1.103130814551539,1.3336477317634143,0.436306948669832
1430,2.2236998722827925,0.44463867003129537,1.3341692711570439,1.779061202251497,0.44463867003129537
1431,1.4709459239722429,0.4956517101223159,0.9832988170472794,0.975294213849927,0.4956517101223159
1432,1.5539967677344009,0.484967196919044,1.0194819823267225,1.0690295708153568,0.484967196919044
1433,2.1455199407587577,0.5095856335262112,1.3275527871424844,1.6359343072325465,0.5095856335262112
1434,2.3281590512477104,0.428427620783072,1.3782933360153913,1.8997314304646384,0.428427620783072
1435,2.520424006673222,0.5546798447489256,1.537551925711074,1.9657441619242966,0.5546798447489256
1436,1.374333977706498,0.5678344223989247,0.9710842000527113,0.8064995553075733,0.5678344223989247
1437,2.306691224850288,0.5318290141050592,1.4192601194776735,1.7748622107452288,0.5318290141050592
1438,1.6468281965044502,0.6018151455625681,1.124321671033509,1.0450130509418822,0.6018151455625681
1439,1.640429001516255,0.5460085485375755,1.0932187750269153,1.0944204529786794,0.5460085485375755
1440,2.024738944641388,0.5643042796439985,1.2945216121426932,1.4604346649973894,0.5643042796439985
1441,1.2888457096603585,0.5047959730802685,0.8968208413703135,0.78404973658009,0.5047959730802685
1442,1.5835673477042755,0.503524283331404,1.0435458155178399,1.0800430643728716,0.503524283331404
1443,1.6696030935426,0.46650071435711854,1.0680519039498593,1.2031023791854816,0.46650071435711854
1444,1.8049870162782602,0.3594976023231978,1.082242309300729,1.4454894139550625,0.3594976023231978
1445,1.5051629493389789,0.41200296699607974,0.9585829581675294,1.093159982342899,0.41200296699607974
1446,2.0761683366518318,0.4155749431407759,1.245871639896304,1.6605933935110557,0.4155749431407759
1447,1.0974810801598363,0.4293181552088645,0.7633996176843504,0.6681629249509717,0.4293181552088645
1448,0.9469238461365077,0.4341381782495463,0.690531012193027,0.5127856678869613,0.4341381782495463
1449,0.6913586872432298,0.4558277409563899,0.5735932140998099,0.2355309462868399,0.5735932140998099
1450,1.1445381914055783,0.4645769769305855,0.8045575841680819,0.6799612144749929,0.4645769769305855
1451,1.3081635674617567,0.504403578569969,0.9062835730158628,0.8037599888917877,0.504403578569969
1452,0.7640238334670055,0.4628527965561482,0.6134383150115769,0.30117103691085734,0.6134383150115769
1453,0.8432953460135237,0.42035570705837316,0.6318255265359485,0.4229396389551506,0.42035570705837316
1454,1.082645567323808,0.47754047924614645,0.7800930232849772,0.6051050880776616,0.47754047924614645
1455,0.9993467473773202,0.44210199682859996,0.7207243721029601,0.5572447505487202,0.44210199682859996
1456,0.8635624642733718,0.4456774537891377,0.6546199590312547,0.4178850104842341,0.4456774537891377
1457,1.0103574627153205,0.43464411509787554,0.722500788906598,0.575713347617445,0.43464411509787554
1458,0.7500962851093266,0.47634089059270857,0.6132185878510176,0.273755394516618,0.6132185878510176
1459,0.8493553701959206,0.4906785239363397,0.6700169470661301,0.35867684625958085,0.4906785239363397
1460,0.8529304324514877,0.48775558040121314,0.6703430064263505,0.36517485205027456,0.48775558040121314
1461,0.9120080605003382,0.5179698803067173,0.7149889704035277,0.3940381801936209,0.5179698803067173
1462,1.2083086216700856,0.49723050024767235,0.852769560958879,0.7110781214224132,0.49723050024767235
1463,0.8812284757133785,0.497301797467374,0.6892651365903762,0.38392667824600446,0.497301797467374
1464,0.9917077800933114,0.5247403660642842,0.7582240730787978,0.4669674140290272,0.5247403660642842
1465,1.0304327607963892,0.5155376334596701,0.7729851971280297,0.5148951273367192,0.5155376334596701
1466,0.797277529376124,0.5163887122776893,0.6568331208269067,0.2808888170984346,0.6568331208269067
1467,0.8262261067023007,0.5567404430355293,0.691483274868915,0.2694856636667714,0.691483274868915
1468,0.8831525063193593,0.5470762506713394,0.7151143784953493,0.3360762556480199,0.7151143784953493
1469,1.101897309352601,0.5495474408229637,0.8257223750877823,0.5523498685296373,0.5495474408229637
1470,1.1867613605359746,0.5586022389355864,0.8726817997357805,0.6281591216003882,0.5586022389355864
1471,1.2424690457990315,0.5637511466830663,0.9031100962410489,0.6787178991159653,0.5637511466830663
1472,1.37049977439786,0.5072481545887465,0.9388739644933033,0.8632516198091135,0.5072481545887465
1473,1.2231734827501357,0.604995949024187,0.9140847158871613,0.6181775337259487,0.604995949024187
1474,1.9111709452897558,0.5072279163165485,1.2091994308031522,1.4039430289732073,0.5072279163165485
1475,1.2124863739764256,0.6173352495675564,0.914910811771991,0.5951511244088692,0.6173352495675564
1476,1.7505976303847932,0.519289408479919,1.134943519432356,1.2313082219048743,0.519289408479919
1477,0.9991659504504824,0.6334337548257597,0.8162998526381211,0.3657321956247227,0.6334337548257597
1478,1.8197590284127012,0.5403258640642856,1.1800424462384935,1.2794331643484156,0.5403258640642856
1479,1.604054416229825,0.6163633657481649,1.110208890988995,0.9876910504816601,0.6163633657481649
1480,1.7802031321011544,0.5838099763243327,1.1820065542127436,1.1963931557768217,0.5838099763243327
1481,2.027116631392128,0.5537592411469155,1.2904379362695217,1.4733573902452122,0.5537592411469155
1482,1.751690770621243,0.5539206022733838,1.1528056864473135,1.1977701683478592,0.5539206022733838
1483,1.7607381047858353,0.5132111622150008,1.136974633500418,1.2475269425708344,0.5132111622150008
1484,2.2657022659547867,0.5346957903162979,1.4001990281355423,1.7310064756384889,0.5346957903162979
1485,1.711079359574286,0.5435398249829418,1.1273095922786138,1.1675395345913442,0.5435398249829418
1486,2.1919707645132416,0.5280717626247425,1.3600212635689921,1.663899001888499,0.5280717626247425
1487,2.0785288068384755,0.5075191520858043,1.2930239794621399,1.5710096547526713,0.5075191520858043
1488,2.2584423960188356,0.5223234659983808,1.3903829310086082,1.7361189300204547,0.5223234659983808
1489,1.9444033372229235,0.514001522795036,1.2292024300089797,1.4304018144278876,0.514001522795036
1490,2.187231373163005,0.5176682569047528,1.352449815033879,1.6695631162582523,0.5176682569047528
1491,2.4503282315641,0.5227462001802899,1.486537215872195,1.9275820313838103,0.5227462001802899
1492,2.326517995306571,0.5162356240469076,1.4213768096767392,1.8102823712596634,0.5162356240469076
1493,2.229433624270874,0.5062309256738339,1.367832274972354,1.72320269859704,0.5062309256738339
1494,1.8578050642912418,0.47951169426755536,1.1686583792793985,1.3782933700236866,0.47951169426755536
1495,1.8386652052473325,0.46708889909469253,1.1528770521710126,1.3715763061526398,0.46708889909469253
1496,1.3997236861197278,0.5070963029686429,0.9534099945441854,0.8926273831510848,0.5070963029686429
1497,1.3943027912080694,0.4502963550617874,0.9222995731349284,0.9440064361462821,0.4502963550617874
1498,1.5104466608424223,0.4690783490097158,0.989762504926069,1.0413683118327066,0.4690783490097158
1499,1.3163311508155309,0.46393127898911507,0.8901312149023229,0.8523998718264159,0.46393127898911507
1500,0.9774854874470823,0.4900788343971232,0.7337821609221027,0.4874066530499591,0.4900788343971232
1501,1.4331861597901367,0.5288124236217135,0.9809992917059251,0.9043737361684232,0.5288124236217135
1502,1.4158880103935618,0.5429427854919265,0.9794153979427442,0.8729452249016353,0.5429427854919265
1503,1.5152372990146572,0.5113776552713573,1.0133074771430073,1.0038596437432998,0.5113776552713573
1504,0.93334697151462,0.5320655614433404,0.7327062664789802,0.4012814100712796,0.5320655614433404
1505,1.6081166669359983,0.5372664170914474,1.0726915420137229,1.070850249844551,0.5372664170914474
1506,1.7291221748614416,0.5289887562284328,1.1290554655449372,1.2001334186330088,0.5289887562284328
1507,1.769658750968274,0.5330021510750734,1.1513304510216738,1.2366565998932004,0.5330021510750734
1508,1.6022808062189409,0.5766766167627088,1.0894787114908249,1.025604189456232,0.5766766167627088
1509,1.8506528356217675,0.5646198567867177,1.2076363462042425,1.28603297883505,0.5646198567867177
1510,1.7078109426484214,0.5840985854131246,1.145954764030773,1.1237123572352967,0.5840985854131246
1511,1.4126101411527883,0.6007603899432171,1.0066852655480028,0.8118497512095711,0.6007603899432171
1512,2.271090975774713,0.5887141010560438,1.4299025384153785,1.6823768747186691,0.5887141010560438
1513,2.0457073231621425,0.6405654533639467,1.3431363882630447,1.4051418697981959,0.6405654533639467
1514,2.2332828309020436,0.6487911866098169,1.4410370087559303,1.5844916442922266,0.6487911866098169
1515,1.5135516926023374,0.6198485502393049,1.0667001214208212,0.8937031423630325,0.6198485502393049
1516,2.3012972290761793,0.6273910172827928,1.464344123179486,1.6739062117933865,0.6273910172827928
1517,1.9479607348819212,0.6279937220061084,1.2879772284440147,1.319967012875813,0.6279937220061084
1518,2.1365504859722515,0.6471405687817454,1.3918455273769985,1.489409917190506,0.6471405687817454
1519,2.2655910925775227,0.656787023459782,1.4611890580186524,1.6088040691177405,0.656787023459782
1520,2.0481056842119547,0.6017178443283084,1.3249117642701316,1.4463878398836463,0.6017178443283084
1521,2.266088597631189,0.6443991474630154,1.4552438725471022,1.6216894501681733,0.6443991474630154
1522,2.4467102821999505,0.6244031255770439,1.5355567038884972,1.8223071566229065,0.6244031255770439
1523,2.0445211406790027,0.6307839887043367,1.3376525646916697,1.413737151974666,0.6307839887043367
1524,1.4159201733075084,0.6539106407100509,1.0349154070087796,0.7620095325974575,0.6539106407100509
1525,2.356008785245936,0.609209810408927,1.4826092978274314,1.746798974837009,0.609209810408927
1526,1.7269361627007904,0.6233003938951092,1.17511827829795,1.1036357688056813,0.6233003938951092
1527,1.8433393691026785,0.59663054327344,1.2199849561880591,1.2467088258292385,0.59663054327344
1528,1.637931319213747,0.599086668605296,1.1185089939095216,1.038844650608451,0.599086668605296
1529,1.6425948839523874,0.5715469237846087,1.107070903868498,1.0710479601677787,0.5715469237846087
1530,2.0056707658887296,0.6125328394059705,1.30910180264735,1.3931379264827592,0.6125328394059705
1531,1.384214226610742,0.5862839270195072,0.9852490768151245,0.7979302995912348,0.5862839270195072
1532,1.9174585308068137,0.6021950327655854,1.2598267817861997,1.3152634980412283,0.6021950327655854
1533,2.115561091294236,0.5947541062318592,1.3551575987630478,1.5208069850623769,0.5947541062318592
1534,1.7303914524610131,0.5928457670081788,1.161618609734596,1.1375456854528343,0.5928457670081788
1535,1.3910265335041059,0.5880046610753773,0.9895155972897416,0.8030218724287286,0.5880046610753773
1536,1.1476864474291495,0.5617549207162384,0.854720684072694,0.585931526712911,0.5617549207162384
1537,1.3432142708214403,0.5266699827733725,0.9349421267974064,0.8165442880480678,0.5266699827733725
1538,0.651843943360338,0.45746867223424387,0.5546563077972909,0.19437527112609415,0.5546563077972909
1539,0.3984272491296128,0.2532498661870665,0.3258385576583397,0.14517738294254628,0.3258385576583397
1540,0.3429611418949027,0.2579362128641431,0.30044867737952285,0.08502492903075959,0.30044867737952285
1541,0.5025620340422655,0.2946487797585091,0.3986054069003873,0.2079132542837564,0.3986054069003873
1542,0.35206158374883334,0.2707552099837997,0.3114083968663165,0.08130637376503363,0.3114083968663165
1543,0.36151754455074747,0.23933995857777063,0.3004287515642591,0.12217758597297684,0.3004287515642591
1544,0.41054439824696,0.3635325440906126,0.3870384711687863,0.0470118541563474,0.3870384711687863
1545,0.471761144019977,0.4344105543927875,0.45308584920638223,0.03735058962718951,0.45308584920638223
1546,0.5062821281282682,0.5579697798532405,0.5321259539907544,0.05168765172497225,0.5321259539907544
1547,0.4730834058133122,0.5830219103094044,0.5280526580613583,0.10993850449609222,0.5280526580613583
1548,0.48221458860379396,0.6804293914262123,0.5813219900150031,0.19821480282241832,0.5813219900150031
1549,0.5267387918696406,0.6127523478398981,0.5697455698547693,0.0860135559702575,0.5697455698547693
1550,0.5141341824381431,0.6105701905417461,0.5623521864899446,0.09643600810360298,0.5623521864899446
1551,0.5086390171187147,0.7372433414789568,0.6229411792988357,0.22860432436024203,0.6229411792988357
1552,0.5472633007647744,0.8607458018457941,0.7040045513052842,0.3134825010810197,0.7040045513052842
1553,0.5527408028554719,0.8624769783601265,0.7076088906077992,0.3097361755046546,0.7076088906077992
1554,0.5444037733788981,0.8458347884451269,0.6951192809120126,0.3014310150662288,0.6951192809120126
1555,0.5466787473039271,0.7888270563110621,0.6677529018074946,0.24214830900713502,0.6677529018074946
1556,0.5557468188910366,0.8091779344872106,0.6824623766891236,0.25343111559617404,0.6824623766891236
1557,0.5632827084987125,0.7835901019846044,0.6734364052416585,0.2203073934858919,0.6734364052416585
1558,0.562559483109782,0.8958890698121118,0.7292242764609469,0.3333295867023298,0.7292242764609469
1559,0.544433161520841,0.8269908328701774,0.6857119971955092,0.2825576713493364,0.6857119971955092
1560,0.568384776904174,0.8495187575375747,0.7089517672208743,0.28113398063340067,0.7089517672208743
1561,0.5547959368987964,0.8966442805585154,0.7257201087286559,0.34184834365971906,0.7257201087286559
1562,0.5761310925613998,0.8243022951471642,0.700216693854282,0.24817120258576442,0.700216693854282
1563,0.5832933948380491,0.861297099647506,0.7222952472427775,0.2780037048094569,0.7222952472427775
1564,0.5587120270677007,0.8896653856763493,0.724188706372025,0.3309533586086486,0.724188706372025
1565,0.5403812923238059,0.7622045976914428,0.6512929450076244,0.22182330536763684,0.6512929450076244
1566,0.5443405094985321,0.7725964601979083,0.6584684848482202,0.2282559506993762,0.6584684848482202
1567,0.5175363942281513,0.8134393545051984,0.6654878743666749,0.2959029602770471,0.6654878743666749
1568,0.5245782115651514,0.8272734685347357,0.6759258400499435,0.3026952569695843,0.6759258400499435
1569,0.5351584346447239,0.9074569331683866,0.7213076839065553,0.3722984985236627,0.5351584346447239
1570,0.5291141842797378,0.9305995497942817,0.7298568670370098,0.40148536551454395,0.5291141842797378
1571,0.5732189086526002,1.02764316479123,0.8004310367219152,0.4544242561386299,0.5732189086526002
1572,0.5823544799827693,1.0239622676084013,0.8031583737955853,0.4416077876256319,0.5823544799827693
1573,0.5751516034794482,0.9770372112007016,0.7760944073400748,0.4018856077212535,0.5751516034794482
1574,0.5590048534732647,0.9117714249655514,0.735388139219408,0.35276657149228674,0.5590048534732647
1575,0.5639281492781102,0.9145536629158295,0.7392409060969698,0.3506255136377193,0.5639281492781102
1576,0.5532950418823488,0.9504360654278057,0.7518655536550772,0.3971410235454569,0.5532950418823488
1577,0.5681616136969774,0.9661853496175841,0.7671734816572807,0.3980237359206067,0.5681616136969774
1578,0.5480336379128173,0.8744095975221847,0.711221617717501,0.3263759596093674,0.711221617717501
1579,0.5554466230925382,0.8495830580346029,0.7025148405635706,0.29413643494206465,0.7025148405635706
1580,0.5537699917890635,0.8678540132265332,0.7108120025077984,0.3140840214374697,0.7108120025077984
1581,0.5673341522673206,0.8356572946169597,0.7014957234421402,0.26832314234963905,0.7014957234421402
1582,0.5589729323518908,0.8302400715700904,0.6946065019609906,0.27126713921819956,0.6946065019609906
1583,0.578616671483721,0.8395644196503682,0.7090905455670446,0.26094774816664723,0.7090905455670446
1584,0.5673940105972629,0.7889772838506718,0.6781856472239673,0.22158327325340887,0.6781856472239673
1585,0.5507943611763748,0.7655944583008498,0.6581944097386123,0.214800097124475,0.6581944097386123
1586,0.5697883164439506,0.9019616031541675,0.735874959799059,0.33217328671021695,0.735874959799059
1587,0.5695629763758735,0.7879344690871947,0.6787487227315341,0.21837149271132117,0.6787487227315341
1588,0.5073580736556911,0.7377380235872607,0.6225480486214758,0.23037994993156963,0.6225480486214758
1589,0.5289071380315702,0.7230784356332187,0.6259927868323945,0.19417129760164853,0.6259927868323945
1590,0.5079739391001891,0.9037414619475291,0.7058577005238591,0.39576752284734007,0.5079739391001891
1591,0.5108559625182565,0.8418718107150489,0.6763638866166527,0.3310158481967924,0.6763638866166527
1592,0.521432383480204,0.7143160179796431,0.6178742007299236,0.19288363449943902,0.6178742007299236
1593,0.49329903226521715,0.7352534177765916,0.6142762250209044,0.24195438551137444,0.6142762250209044
1594,0.48928231548014667,0.701453009453238,0.5953676624666924,0.2121706939730913,0.5953676624666924
1595,0.4888424622245564,0.6182846932774966,0.5535635777510265,0.12944223105294017,0.5535635777510265
1596,0.50696898726985,0.5857910780685157,0.5463800326691828,0.07882209079866576,0.5463800326691828
1597,0.5210991323570677,0.5504370360593185,0.5357680842081931,0.029337903702250756,0.5357680842081931
1598,0.5406793402165576,0.5698904256046463,0.555284882910602,0.029211085388088698,0.555284882910602
1599,0.5208408207758536,0.5876095248881462,0.5542251728319999,0.06676870411229263,0.5542251728319999
1600,0.5603006654188597,0.5606809112953061,0.5604907883570829,0.0003802458764463612,0.5604907883570829
1601,0.526565175211178,0.511564912844737,0.5190650440279575,0.01500026236644092,0.5190650440279575
1602,0.5651660985366237,0.5037072164262488,0.5344366574814363,0.06145888211037487,0.5344366574814363
1603,0.49187077353915576,0.46281421574927756,0.47734249464421663,0.0290565577898782,0.47734249464421663
1604,0.40550912612869405,0.3282473535286298,0.36687823982866197,0.07726177260006423,0.36687823982866197
1605,0.2093618137464685,0.1658048215179562,0.18758331763221237,0.04355699222851231,0.18758331763221237
1606,0.2611020591018475,0.29984783900978623,0.2804749490558168,0.03874577990793876,0.2804749490558168
1607,0.3473659409607847,0.3574868590646537,0.3524264000127192,0.010120918103869003,0.3524264000127192
1608,0.52866172277077,0.38856996829915524,0.4586158455349626,0.1400917544716147,0.4586158455349626
1609,0.6127819854280804,0.41514844096431613,0.5139652131961983,0.19763354446376424,0.5139652131961983
1610,0.6877114484258412,0.5167716692143159,0.6022415588200786,0.17093977921152526,0.6022415588200786
1611,0.6916057881528812,0.5246364144386764,0.6081211012957788,0.16696937371420484,0.6081211012957788
1612,0.6913184689992794,0.5445144054991029,0.6179164372491912,0.1468040635001765,0.6179164372491912
1613,0.8110587783196299,0.5583766746768646,0.6847177264982472,0.25268210364276533,0.6847177264982472
1614,1.0059265604257956,0.5781999510718153,0.7920632557488054,0.4277266093539803,0.5781999510718153
1615,1.0327867584075188,0.625268764907266,0.8290277616573924,0.40751799350025275,0.625268764907266
1616,1.1732001714611107,0.6419078352422959,0.9075540033517033,0.5312923362188148,0.6419078352422959
1617,1.1714074455554084,0.6289941602409002,0.9002008028981543,0.5424132853145083,0.6289941602409002
1618,1.3175048136022238,0.6052251030541039,0.9613649583281638,0.7122797105481199,0.6052251030541039
1619,1.1267312361344919,0.6369475405572349,0.8818393883458634,0.489783695577257,0.6369475405572349
1620,1.2646721657565674,0.6143813948324062,0.9395267802944868,0.6502907709241612,0.6143813948324062
1621,1.336127556555483,0.6296570189468388,0.982892287751161,0.7064705376086443,0.6296570189468388
1622,1.5225333672277437,0.6302648902043236,1.0763991287160337,0.89226847702342,0.6302648902043236
1623,1.546799141635508,0.630008390992111,1.0884037663138095,0.916790750643397,0.630008390992111
1624,1.158787826333707,0.664835864610016,0.9118118454718616,0.49395196172369105,0.664835864610016
1625,1.1857361452382866,0.6497052264052564,0.9177206858217715,0.5360309188330302,0.6497052264052564
1626,1.4349687894143899,0.6503827153955585,1.0426757524049741,0.7845860740188314,0.6503827153955585
1627,1.3562205661489648,0.6551290371997754,1.0056748016743702,0.7010915289491894,0.6551290371997754
1628,1.279264128816528,0.6591210320484362,0.9691925804324821,0.6201430967680919,0.6591210320484362
1629,1.329731963269543,0.6634082955269591,0.9965701293982511,0.6663236677425839,0.6634082955269591
1630,1.1659788948477454,0.6620251929658949,0.9140020439068202,0.5039537018818505,0.6620251929658949
1631,1.37971351383174,0.6371143447374574,1.0084139292845986,0.7425991690942826,0.6371143447374574
1632,1.1314789643124392,0.6422931643785708,0.886886064345505,0.48918579993386846,0.6422931643785708
1633,1.135760824363643,0.6144545927023645,0.8751077085330037,0.5213062316612785,0.6144545927023645
1634,1.0138455937057889,0.6124175456781307,0.8131315696919598,0.4014280480276582,0.6124175456781307
1635,1.0894673858060246,0.6290742520818859,0.8592708189439553,0.4603931337241387,0.6290742520818859
1636,1.0681659927733316,0.6248194362803721,0.8464927145268518,0.4433465564929595,0.6248194362803721
1637,1.079874055105567,0.6406533596058879,0.8602637073557274,0.4392206954996791,0.6406533596058879
1638,1.0840736365742236,0.6390859762029776,0.8615798063886007,0.44498766037124604,0.6390859762029776
1639,1.1151224432255862,0.6590186438266357,0.8870705435261109,0.4561037993989505,0.6590186438266357
1640,1.094937350605545,0.6548596834400883,0.8748985170228167,0.4400776671654568,0.6548596834400883
1641,1.1183329657783316,0.6490307620074541,0.8836818638928929,0.4693022037708775,0.6490307620074541
1642,1.099372691777583,0.6511491105414391,0.875260901159511,0.4482235812361439,0.6511491105414391
1643,1.19624402110649,0.6557642861100086,0.9260041536082493,0.5404797349964814,0.6557642861100086
1644,1.1438434129081692,0.6461077905041652,0.8949756017061672,0.49773562240400393,0.6461077905041652
1645,1.1622607226665027,0.6578917517197059,0.9100762371931044,0.5043689709467968,0.6578917517197059
1646,1.182496078813573,0.6539737803936109,0.9182349296035919,0.5285222984199621,0.6539737803936109
1647,1.147690022958663,0.693526391641495,0.920608207300079,0.4541636313171681,0.693526391641495
1648,1.049610862050773,0.673508183972049,0.861559523011411,0.3761026780787239,0.673508183972049
1649,1.1348616924063495,0.674496936404635,0.9046793144054923,0.46036475600171445,0.674496936404635
1650,1.129380390907312,0.6711951506038215,0.9002877707555668,0.4581852403034904,0.6711951506038215
1651,1.0711198509317894,0.6482622638579391,0.8596910573948642,0.42285758707385035,0.6482622638579391
1652,0.9941940166270712,0.6619438153071953,0.8280689159671333,0.3322502013198759,0.8280689159671333
1653,1.0467536028843505,0.6501832817036157,0.8484684422939831,0.39657032118073476,0.6501832817036157
1654,0.8799646328498766,0.6673658887779359,0.7736652608139063,0.21259874407194068,0.7736652608139063
1655,1.0511910347789324,0.6365639339308857,0.8438774843549091,0.41462710084804666,0.6365639339308857
1656,1.0004669682380944,0.5504784903629734,0.7754727293005339,0.4499884778751211,0.5504784903629734
1657,0.8166508559359117,0.5464190048639993,0.6815349303999555,0.2702318510719124,0.6815349303999555
1658,0.8059829329373541,0.5471807208853589,0.6765818269113565,0.2588022120519953,0.6765818269113565
1659,0.8306367495724044,0.5211161815917482,0.6758764655820764,0.3095205679806562,0.6758764655820764
1660,0.8293458462088,0.5308147348102144,0.6800802905095071,0.2985311113985857,0.6800802905095071
1661,0.7920391172810759,0.5088672056535307,0.6504531614673033,0.2831719116275452,0.6504531614673033
1662,0.8847927415425895,0.5088661925753569,0.6968294670589732,0.37592654896723254,0.5088661925753569
1663,0.8189519384802317,0.5285703084775005,0.6737611234788661,0.2903816300027312,0.6737611234788661
1664,0.8443719928748044,0.5598783550893742,0.7021251739820893,0.28449363778543013,0.7021251739820893
1665,0.8648221728517126,0.5460108912874987,0.7054165320696056,0.3188112815642139,0.7054165320696056
1666,0.7756491951363566,0.5313216244907805,0.6534854098135685,0.2443275706455761,0.6534854098135685
1667,0.679328005471427,0.503228722720555,0.591278364095991,0.17609928275087205,0.591278364095991
1668,0.7273236314057193,0.4882858805436855,0.6078047559747024,0.23903775086203383,0.6078047559747024
1669,0.7423809365166606,0.5269810872648992,0.63468101189078,0.21539984925176137,0.63468101189078
1670,0.8434215471441505,0.5637125451816587,0.7035670461629047,0.2797090019624918,0.7035670461629047
1671,0.996748878170771,0.5994635484696346,0.7981062133202028,0.3972853297011364,0.5994635484696346
1672,1.004815387109876,0.5935900732285423,0.7992027301692091,0.41122531388133365,0.5935900732285423
1673,0.9450901753590653,0.5827977154237336,0.7639439453913994,0.36229245993533166,0.5827977154237336
1674,0.9418852265563066,0.5809924030337241,0.7614388147950153,0.36089282352258245,0.5809924030337241
1675,0.9713087000611301,0.6656331289328079,0.8184709144969691,0.3056755711283222,0.8184709144969691
1676,0.7680751817605985,0.6782106380996142,0.7231429099301063,0.08986454366098429,0.7231429099301063
1677,0.7771129161056276,0.6016385354971365,0.6893757258013821,0.17547438060849108,0.6893757258013821
1678,0.6548067627310206,0.5525170836799603,0.6036619232054905,0.10228967905106023,0.6036619232054905
1679,0.6164151981050094,0.5371777410670204,0.5767964695860149,0.07923745703798901,0.5767964695860149
1680,0.8549876720908575,0.565102184346934,0.7100449282188958,0.2898854877439234,0.7100449282188958
1681,0.6829041380445112,0.5218984691863752,0.6024013036154432,0.16100566885813605,0.6024013036154432
1682,0.7125192614582916,0.5016124637889684,0.60706586262363,0.2109067976693232,0.60706586262363
1683,0.49906812187449895,0.5587796641956182,0.5289238930350586,0.05971154232111925,0.5289238930350586
1684,0.8009248981912018,0.5630607539312169,0.6819928260612094,0.23786414425998492,0.6819928260612094
1685,0.7429906387135875,0.5313644204360015,0.6371775295747946,0.211626218277586,0.6371775295747946
1686,0.7922844362601397,0.5612349345807145,0.6767596854204271,0.23104950167942517,0.6767596854204271
1687,0.709016366961297,0.5228429152365047,0.6159296410989008,0.18617345172479227,0.6159296410989008
1688,0.7739168261414747,0.5593021954236489,0.6666095107825618,0.21461463071782583,0.6666095107825618
1689,0.9200008833638933,0.5354637833752559,0.7277323333695747,0.3845370999886374,0.5354637833752559
1690,0.9048344629349928,0.5196715580018179,0.7122530104684053,0.38516290493317495,0.5196715580018179
1691,1.0513977502264478,0.5242227169632966,0.7878102335948722,0.5271750332631512,0.5242227169632966
1692,1.105810945815168,0.5221774162636332,0.8139941810394006,0.5836335295515347,0.5221774162636332
1693,1.0440831066558893,0.521712530649748,0.7828978186528186,0.5223705760061413,0.521712530649748
1694,0.9302685555039455,0.518116158256457,0.7241923568802012,0.41215239724748853,0.518116158256457
1695,0.9658595966014669,0.5182238263090925,0.7420417114552798,0.44763577029237445,0.5182238263090925
1696,1.2337009116064404,0.5258234710057526,0.8797621913060965,0.7078774406006878,0.5258234710057526
1697,0.9589756349875243,0.5269689681491379,0.742972301568331,0.4320066668383864,0.5269689681491379
1698,1.0193752587489922,0.5231083141922522,0.7712417864706222,0.4962669445567399,0.5231083141922522
1699,1.0333888192947362,0.5252477696696746,0.7793182944822055,0.5081410496250617,0.5252477696696746
1700,1.0233852701871922,0.5314209191497211,0.7774030946684567,0.49196435103747105,0.5314209191497211
1701,1.060799431368673,0.5297250220214546,0.7952622266950637,0.5310744093472185,0.5297250220214546
1702,0.883078789619442,0.5469790518479475,0.7150289207336947,0.3360997377714945,0.7150289207336947
1703,1.028463060373397,0.5480015262508099,0.7882322933121035,0.4804615341225872,0.5480015262508099
1704,1.1609851895359575,0.5893512794577163,0.8751682344968369,0.5716339100782413,0.5893512794577163
1705,1.1582068409208746,0.5669688749842894,0.862587857952582,0.5912379659365852,0.5669688749842894
1706,1.4131847408439375,0.5477107854229678,0.9804477631334527,0.8654739554209697,0.5477107854229678
1707,1.4356104713037012,0.53126025204676,0.9834353616752306,0.9043502192569413,0.53126025204676
1708,1.2327158276370693,0.5537735312350284,0.8932446794360489,0.678942296402041,0.5537735312350284
1709,1.4597300783889895,0.5378829059434175,0.9988064921662034,0.921847172445572,0.5378829059434175
1710,1.3317161172135885,0.5539267309777521,0.9428214240956703,0.7777893862358364,0.5539267309777521
1711,1.282151479821133,0.5163674392372868,0.8992594595292099,0.7657840405838463,0.5163674392372868
1712,1.1486839196459688,0.5201544538073459,0.8344191867266574,0.6285294658386229,0.5201544538073459
1713,1.1135654709186633,0.5233449199807304,0.8184551954496968,0.5902205509379329,0.5233449199807304
1714,1.16148538724689,0.5180509283204632,0.8397681577836766,0.6434344589264268,0.5180509283204632
1715,1.2784974437791137,0.5072128434588533,0.8928551436189835,0.7712846003202604,0.5072128434588533
1716,1.4538427725553813,0.5249838906866807,0.989413331621031,0.9288588818687006,0.5249838906866807
1717,1.457869798440379,0.5180826720380887,0.9879762352392338,0.9397871264022903,0.5180826720380887
1718,1.1040017709907592,0.516507605287991,0.8102546881393751,0.5874941657027682,0.516507605287991
1719,1.18497926485511,0.5308502248129957,0.857914744834053,0.6541290400421144,0.5308502248129957
1720,1.211292304332119,0.5484986965706301,0.8798955004513747,0.662793607761489,0.5484986965706301
1721,1.0644626635709986,0.5462687530714528,0.8053657083212258,0.5181939104995458,0.5462687530714528
1722,1.1849553627982077,0.5250456294110631,0.8550004961046354,0.6599097333871445,0.5250456294110631
1723,1.304251962193654,0.5353647537453942,0.919808357969524,0.7688872084482598,0.5353647537453942
1724,1.2333179274539319,0.5436564640876822,0.888487195770807,0.6896614633662497,0.5436564640876822
1725,1.1308630613684327,0.5491786776797226,0.8400208695240776,0.5816843836887101,0.5491786776797226
1726,1.225417739000547,0.5687927541209892,0.8971052465607681,0.6566249848795578,0.5687927541209892
1727,1.2815115374585218,0.5416852477500986,0.9115983926043102,0.7398262897084231,0.5416852477500986
1728,1.1065695275785996,0.5584044114866622,0.8324869695326309,0.5481651160919374,0.5584044114866622
1729,1.1139980015959001,0.5739025457824072,0.8439502736891537,0.5400954558134929,0.5739025457824072
1730,1.3350925875961401,0.5596416135790855,0.9473671005876128,0.7754509740170547,0.5596416135790855
1731,1.3153550985357647,0.5890451775309905,0.9522001380333776,0.7263099210047742,0.5890451775309905
1732,1.2987287670040368,0.5779667610494004,0.9383477640267186,0.7207620059546365,0.5779667610494004
1733,1.214287547073161,0.5478310243626952,0.8810592857179281,0.666456522710466,0.5478310243626952
1734,1.26801244658894,0.5951539276775555,0.9315831871332477,0.6728585189113845,0.5951539276775555
1735,1.2128239055896641,0.6111872037763011,0.9120055546829826,0.601636701813363,0.6111872037763011
1736,1.1966156234587662,0.5836557251553793,0.8901356743070727,0.6129598983033868,0.5836557251553793
1737,1.0999785192701532,0.6071911482049105,0.8535848337375318,0.49278737106524273,0.6071911482049105
1738,1.3599341786350876,0.5994897148131543,0.9797119467241209,0.7604444638219333,0.5994897148131543
1739,1.2383912779694728,0.6231568532089137,0.9307740655891932,0.6152344247605591,0.6231568532089137
1740,1.3105216903236492,0.5917930088864489,0.951157349605049,0.7187286814372003,0.5917930088864489
1741,1.4538801488141695,0.5851074956962046,1.019493822255187,0.8687726531179649,0.5851074956962046
1742,1.5669104001540592,0.5834861191483645,1.075198259651212,0.9834242810056948,0.5834861191483645
1743,1.4911177015050252,0.5745990969618174,1.0328583992334213,0.9165186045432078,0.5745990969618174
1744,1.304983908196003,0.5725045643828311,0.9387442362894172,0.7324793438131719,0.5725045643828311
1745,1.18993875703979,0.5804446413062386,0.8851916991730142,0.6094941157335513,0.5804446413062386
1746,1.3590984368241885,0.5855302995825455,0.972314368203367,0.773568137241643,0.5855302995825455
1747,1.187962530267136,0.6030237588098327,0.8954931445384844,0.5849387714573032,0.6030237588098327
1748,1.2365034349980857,0.5947451797338316,0.9156243073659587,0.6417582552642541,0.5947451797338316
1749,1.293353491906696,0.6073212664354621,0.9503373791710791,0.6860322254712339,0.6073212664354621
1750,1.3358900567825656,0.602222583984802,0.9690563203836837,0.7336674727977636,0.602222583984802
1751,1.1393660565258599,0.5911753334306757,0.8652706949782678,0.5481907230951841,0.5911753334306757
1752,1.345333683483807,0.5931091932118714,0.9692214383478392,0.7522244902719356,0.5931091932118714
1753,1.1880618913632779,0.5989184831462444,0.8934901872547611,0.5891434082170335,0.5989184831462444
1754,0.9872764171713627,0.605028589820121,0.7961525034957418,0.38224782735124174,0.605028589820121
1755,1.5671832362544809,0.6371459942152441,1.1021646152348625,0.9300372420392368,0.6371459942152441
1756,1.4855354491275181,0.5900041188176145,1.0377697839725664,0.8955313303099036,0.5900041188176145
1757,1.4071673315175572,0.5679996636912494,0.9875834976044033,0.8391676678263078,0.5679996636912494
1758,1.468925698928311,0.5526090051185792,1.010767352023445,0.9163166938097318,0.5526090051185792
1759,1.2775507876443835,0.5901115032587723,0.9338311454515779,0.6874392843856112,0.5901115032587723
1760,1.0520366449910774,0.5689523342655766,0.810494489628327,0.48308431072550084,0.5689523342655766
1761,1.0092524962090914,0.5760151768975066,0.792633836553299,0.4332373193115848,0.5760151768975066
1762,1.0073759147625236,0.5517792518195929,0.7795775832910583,0.4555966629429308,0.5517792518195929
1763,1.029129056107955,0.5750593048829363,0.8020941804954456,0.4540697512250186,0.5750593048829363
1764,1.0662747183412384,0.5750301152449234,0.8206524167930809,0.491244603096315,0.5750301152449234
1765,1.0258946311431238,0.6310889939301522,0.8284918125366381,0.3948056372129717,0.6310889939301522
1766,1.1285295061234597,0.6353738055117728,0.8819516558176163,0.4931557006116869,0.6353738055117728
1767,1.0853953761874102,0.6028278774312333,0.8441116268093218,0.4825674987561769,0.6028278774312333
1768,1.139269119930221,0.6478341529722214,0.8935516364512212,0.4914349669579996,0.6478341529722214
1769,1.001453446593413,0.6199049073313793,0.8106791769623962,0.3815485392620338,0.6199049073313793
1770,1.0040173611438579,0.6106041241529863,0.8073107426484221,0.3934132369908716,0.6106041241529863
1771,0.8547852858166031,0.6069018470658576,0.7308435664412303,0.24788343875074548,0.7308435664412303
1772,0.9167799357375955,0.5954395204365125,0.756109728087054,0.32134041530108304,0.756109728087054
1773,1.0839726260970046,0.637507749250457,0.8607401876737308,0.4464648768465477,0.637507749250457
1774,1.0645815562319012,0.6318288594953098,0.8482052078636055,0.43275269673659145,0.6318288594953098
1775,1.1735973270443596,0.6379212998812385,0.905759313462799,0.5356760271631211,0.6379212998812385
1776,0.9603418372279914,0.6490164875705067,0.8046791623992491,0.3113253496574847,0.8046791623992491
1777,0.9174076571121649,0.628397104917077,0.7729023810146209,0.28901055219508787,0.7729023810146209
1778,1.0079941862531387,0.6324392911455139,0.8202167386993263,0.37555489510762485,0.6324392911455139
1779,0.9793984937368452,0.6317619931366281,0.8055802434367366,0.3476365006002171,0.8055802434367366
1780,0.9958343864549026,0.6269131730717278,0.8113737797633152,0.36892121338317485,0.6269131730717278
1781,1.0113364429421061,0.6183252643204734,0.8148308536312898,0.3930111786216327,0.6183252643204734
1782,0.9559319049005849,0.6280320132957814,0.7919819590981831,0.3278998916048035,0.7919819590981831
1783,0.8771719134097692,0.6144537086584718,0.7458128110341204,0.26271820475129737,0.7458128110341204
1784,1.0348113214830108,0.6354914008538322,0.8351513611684215,0.39931992062917865,0.6354914008538322
1785,1.0195283754203508,0.6472644425000428,0.8333964089601968,0.372263932920308,0.6472644425000428
1786,1.1495418487210574,0.6696230383927204,0.9095824435568889,0.47991881032833694,0.6696230383927204
1787,1.0247357286174705,0.6183794202682151,0.8215575744428428,0.4063563083492554,0.6183794202682151
1788,0.9396316134729222,0.6008667031206463,0.7702491582967843,0.33876491035227596,0.7702491582967843
1789,0.8938220160746795,0.6071848139322152,0.7505034150034473,0.28663720214246424,0.7505034150034473
1790,0.8432863061983942,0.5880341353665794,0.7156602207824868,0.25525217083181473,0.7156602207824868
1791,1.0911858281549263,0.6141759386297171,0.8526808833923216,0.4770098895252092,0.6141759386297171
1792,1.0027417753968144,0.6383055855826948,0.8205236804897547,0.3644361898141196,0.6383055855826948
1793,1.0459073513405404,0.6242173894977465,0.8350623704191434,0.42168996184279384,0.6242173894977465
1794,1.0410588500478408,0.6400818086509381,0.8405703293493895,0.4009770413969027,0.6400818086509381
1795,1.0497265304004129,0.6544396728580331,0.852083101629223,0.3952868575423798,0.6544396728580331
1796,1.0077797249463987,0.6359505216210263,0.8218651232837124,0.3718292033253724,0.6359505216210263
1797,1.0725681631863648,0.6370949044691251,0.854831533827745,0.43547325871723974,0.6370949044691251
1798,0.9622783166271007,0.640814084216901,0.8015462004220009,0.3214642324101997,0.8015462004220009
1799,0.9968993945964859,0.6344582384294044,0.8156788165129452,0.3624411561670815,0.6344582384294044
1800,0.993229915042682,0.6271594327318871,0.8101946738872845,0.36607048231079486,0.6271594327318871
